502
2.83800E06
1.41900E06 0.00000E00 0.00000E00 2.12426E04 1.60000E24  255 255 0
1.56962E06 3.77140E05 1.50545E04 1.52300E04 3.20000E20  255 255 0
1.49393E06 2.19908E04 1.04095E04 -1.42283E04 3.20000E20  255 255 0
1.44128E06 -3.18778E04 -4.29389E04 -8.76380E03 3.20000E20  255 255 0
1.46856E06 -3.88304E04 -2.53934E04 -1.11654E04 3.20000E20  255 255 0
1.55598E06 -3.77242E04 -7.27664E03 -5.18017E03 3.20000E20  255 255 0
1.10278E06 -3.30946E05 -1.10399E04 3.17911E04 3.20000E20  255 255 0
1.39816E06 -3.09407E03 -1.04492E04 9.16362E04 3.20000E20  255 255 0
1.41186E06 2.27769E05 2.16299E04 2.19210E04 3.20000E20  255 255 0
1.13797E06 -2.54998E05 -1.12690E04 3.36619E04 3.20000E20  255 255 0
1.58718E06 3.31786E04 4.82913E03 -3.23648E03 3.20000E20  255 255 0
1.44718E06 -5.28833E04 -3.72434E04 1.39624E03 3.20000E20  255 255 0
1.37147E06 2.75132E05 1.92651E04 2.45710E04 3.20000E20  255 255 0
1.31588E06 -3.16773E05 -1.70192E04 2.67830E04 3.20000E20  255 255 0
1.02627E06 -5.30114E04 -2.19516E03 3.75053E04 3.20000E20  255 255 0
1.03568E06 -3.41358E04 -1.47715E03 3.78297E04 3.20000E20  255 255 0
1.42696E06 -1.19039E05 -2.98420E04 1.92482E04 3.20000E20  255 255 0
1.06261E06 3.09799E05 9.86266E03 3.25884E04 3.20000E20  255 255 0
1.57538E06 -1.34315E05 -1.48250E04 3.98225E03 3.20000E20  255 255 0
1.49077E06 -2.01642E05 -2.10369E04 1.37551E04 3.20000E20  255 255 0
1.19109E06 -1.88394E05 -1.21037E04 3.58853E04 3.20000E20  255 255 0
1.18944E06 1.39395E05 1.03465E04 3.82814E04 3.20000E20  255 255 0
1.40057E06 -3.67000E03 -1.47128E04 9.51438E04 3.20000E20  255 255 0
1.56623E06 5.18681E04 8.68813E03 -3.41890E03 3.20000E20  255 255 0
1.37613E06 3.89013E04 2.88546E04 5.30389E04 3.20000E20  255 255 0
1.58652E06 -3.21934E05 -1.52120E04 1.33268E04 3.20000E20  255 255 0
1.59499E06 -4.00760E05 -1.42969E04 1.49641E04 3.20000E20  255 255 0
1.48441E06 2.02846E05 2.12972E04 1.43755E04 3.20000E20  255 255 0
1.32516E06 -3.26630E04 -1.07736E04 5.21942E04 3.20000E20  255 255 0
1.47877E06 7.04029E03 4.92667E03 -2.05800E04 3.20000E20  255 255 0
1.66699E06 3.58930E05 1.28677E04 1.23520E04 3.20000E20  255 255 0
1.01811E06 -1.76774E05 -6.29700E03 3.55229E04 3.20000E20  255 255 0
1.61710E06 1.91347E05 1.36759E04 7.08442E03 3.20000E20  255 255 0
1.41836E06 -1.03587E05 -3.20966E04 2.14423E04 3.20000E20  255 255 0
1.12624E06 -2.27279E05 -1.04060E04 3.46464E04 3.20000E20  255 255 0
1.44993E06 -5.75383E04 -3.56022E04 2.10621E03 3.20000E20  255 255 0
1.22264E06 6.42295E04 7.06597E03 4.28443E04 3.20000E20  255 255 0
1.81698E06 2.23508E05 7.48740E03 7.91048E03 3.20000E20  255 255 0
1.70547E06 -3.59064E04 -2.39109E03 2.16581E03 3.20000E20  255 255 0
1.42477E06 3.69490E04 5.27791E04 1.29943E04 3.20000E20  255 255 0
1.05476E06 1.38720E05 5.88939E03 3.67063E04 3.20000E20  255 255 0
1.01445E06 1.72252E05 6.10331E03 3.55766E04 3.20000E20  255 255 0
1.36142E06 -1.95672E05 -2.19438E04 2.76996E04 3.20000E20  255 255 0
1.32290E06 2.36174E05 1.89497E04 2.89533E04 3.20000E20  255 255 0
1.28315E06 2.52569E04 5.07991E03 4.85656E04 3.20000E20  255 255 0
1.48172E06 1.66186E05 2.29324E04 1.25875E04 3.20000E20  255 255 0
1.54496E06 -4.25313E04 -9.06360E03 -5.60069E03 3.20000E20  255 255 0
1.42891E06 -1.71165E04 -6.35727E04 -1.55603E04 3.20000E20  255 255 0
1.33639E06 -1.15715E05 -2.22982E04 3.71613E04 3.20000E20  255 255 0
1.36338E06 -1.44109E04 -1.08094E04 6.29625E04 3.20000E20  255 255 0
1.44738E06 -1.77433E05 -2.40646E04 1.73938E04 3.20000E20  255 255 0
1.10011E06 -7.77095E04 -4.26920E03 3.87617E04 3.20000E20  255 255 0
1.38040E06 4.48205E04 3.21862E04 4.89605E04 3.20000E20  255 255 0
1.19020E06 -1.75790E04 -1.65198E03 4.27443E04 3.20000E20  255 255 0
1.37055E06 1.11566E05 2.71693E04 3.30419E04 3.20000E20  255 255 0
1.58632E06 -2.00009E04 -2.98685E03 -3.74489E03 3.20000E20  255 255 0
1.48863E06 8.12359E04 2.39793E04 6.89258E02 3.20000E20  255 255 0
1.09843E06 2.41086E05 9.80406E03 3.42789E04 3.20000E20  255 255 0
1.52171E06 4.23137E05 1.52138E04 1.75498E04 3.20000E20  255 255 0
1.20489E06 -3.10838E05 -1.38477E04 3.07812E04 3.20000E20  255 255 0
1.38149E06 1.39360E05 2.62585E04 2.83105E04 3.20000E20  255 255 0
1.71075E06 -5.03592E04 -3.22941E03 2.53341E03 3.20000E20  255 255 0
1.53879E06 -1.56291E05 -1.84766E04 7.08063E03 3.20000E20  255 255 0
1.77005E06 -1.51387E04 -7.50842E02 3.83124E03 3.20000E20  255 255 0
1.64941E06 -8.32435E04 -7.09203E03 1.61286E03 3.20000E20  255 255 0
1.42960E06 3.22222E05 1.81841E04 2.06445E04 3.20000E20  255 255 0
1.53509E06 1.36486E05 1.85903E04 5.43083E03 3.20000E20  255 255 0
1.80761E06 2.42852E05 8.08728E03 8.30123E03 3.20000E20  255 255 0
1.36660E06 2.65611E05 1.94788E04 2.50856E04 3.20000E20  255 255 0
1.28179E06 -1.70907E05 -1.72070E04 3.50572E04 3.20000E20  255 255 0
1.44565E06 -1.95499E05 -2.30438E04 1.81013E04 3.20000E20  255 255 0
1.63693E06 3.49108E05 1.36602E04 1.27153E04 3.20000E20  255 255 0
1.51003E06 3.07906E05 1.74832E04 1.60738E04 3.20000E20  255 255 0
1.53556E06 -1.52591E05 -1.87350E04 6.93195E03 3.20000E20  255 255 0
1.27710E06 1.49916E05 1.65130E04 3.68730E04 3.20000E20  255 255 0
1.46889E06 4.53556E04 2.67616E04 -8.19528E03 3.20000E20  255 255 0
1.42349E06 -2.73660E05 -1.97438E04 2.09189E04 3.20000E20  255 255 0
1.41659E06 -1.78802E05 -2.44274E04 2.15725E04 3.20000E20  255 255 0
1.48579E06 -9.25326E04 -2.47967E04 3.34549E03 3.20000E20  255 255 0
1.43321E06 -2.37293E05 -2.11502E04 1.99760E04 3.20000E20  255 255 0
1.46699E06 -3.23365E04 -2.39980E04 -1.43712E04 3.20000E20  255 255 0
1.50967E06 4.29342E04 1.39591E04 -8.23551E03 3.20000E20  255 255 0
1.42499E06 -6.87271E03 -8.15369E04 -4.98574E04 3.20000E20  255 255 0
1.14638E06 7.69983E04 5.27544E03 3.99211E04 3.20000E20  255 255 0
1.38936E06 -4.85393E04 -3.69711E04 4.38172E04 3.20000E20  255 255 0
1.59891E06 -2.20195E05 -1.50023E04 8.98505E03 3.20000E20  255 255 0
1.32496E06 2.43636E05 1.88591E04 2.85216E04 3.20000E20  255 255 0
1.27571E06 2.04803E05 1.69303E04 3.30883E04 3.20000E20  255 255 0
1.21358E06 -2.81478E04 -3.08002E03 4.37199E04 3.20000E20  255 255 0
1.46196E06 -4.22760E05 -1.57663E04 1.96403E04 3.20000E20  255 255 0
1.50584E06 8.15275E04 2.04882E04 -5.79659E02 3.20000E20  255 255 0
1.18836E06 1.77656E05 1.16835E04 3.64106E04 3.20000E20  255 255 0
1.39487E06 -2.64753E05 -1.99530E04 2.30612E04 3.20000E20  255 255 0
1.38675E06 -2.83816E05 -1.92055E04 2.34248E04 3.20000E20  255 255 0
1.55730E06 -1.07259E05 -1.51337E04 1.72980E03 3.20000E20  255 255 0
1.52465E06 -1.36640E05 -1.96643E04 6.03776E03 3.20000E20  255 255 0
1.46600E06 -6.55767E03 -6.55269E03 -2.57236E04 3.20000E20  255 255 0
1.33470E06 -2.58293E05 -1.88407E04 2.73917E04 3.20000E20  255 255 0
1.83350E06 2.05132E05 6.73782E03 7.62795E03 3.20000E20  255 255 0
1.76625E06 -7.39474E04 -3.61112E03 4.28525E03 3.20000E20  255 255 0
1.29427E06 4.33199E05 1.47855E04 2.54999E04 3.20000E20  255 255 0
1.37491E06 1.05047E05 2.82219E04 3.30872E04 3.20000E20  255 255 0
1.31959E06 -2.47337E05 -1.85654E04 2.87042E04 3.20000E20  255 255 0
1.53041E06 -3.11146E04 -8.17045E03 -8.01241E03 3.20000E20  255 255 0
1.36591E06 9.88264E03 8.13449E03 6.49450E04 3.20000E20  255 255 0
1.46114E06 -1.69266E05 -2.40022E04 1.52670E04 3.20000E20  255 255 0
1.57518E06 -5.09403E04 -7.90363E03 -2.98910E03 3.20000E20  255 255 0
1.34411E06 -9.46768E04 -2.33199E04 3.96885E04 3.20000E20  255 255 0
1.47472E06 1.47454E05 2.43399E04 1.20450E04 3.20000E20  255 255 0
1.36171E06 3.95964E04 2.22582E04 5.34454E04 3.20000E20  255 255 0
1.62047E06 2.37015E05 1.41127E04 9.24653E03 3.20000E20  255 255 0
1.47558E06 4.10769E05 1.58928E04 1.90533E04 3.20000E20  255 255 0
1.38456E06 -3.78870E04 -3.37839E04 5.19513E04 3.20000E20  255 255 0
1.34179E06 2.93078E05 1.81457E04 2.60232E04 3.20000E20  255 255 0
1.04431E06 -2.65413E05 -8.81230E03 3.36830E04 3.20000E20  255 255 0
1.46607E06 2.60982E04 2.15951E04 -1.77019E04 3.20000E20  255 255 0
1.23838E06 2.95360E05 1.49785E04 3.04022E04 3.20000E20  255 255 0
1.00037E06 4.44004E04 1.67929E03 3.70757E04 3.20000E20  255 255 0
1.49678E06 -2.02030E05 -2.07205E04 1.32657E04 3.20000E20  255 255 0
1.01981E06 -2.46960E05 -7.93286E03 3.40653E04 3.20000E20  255 255 0
1.25345E06 -4.88343E04 -7.03516E03 4.50922E04 3.20000E20  255 255 0
1.34533E06 5.62638E04 2.05955E04 4.82081E04 3.20000E20  255 255 0
1.43574E06 -6.33274E04 -3.90246E04 1.09297E04 3.20000E20  255 255 0
1.34308E06 6.68857E04 2.14682E04 4.56114E04 3.20000E20  255 255 0
1.34932E06 1.54066E05 2.28902E04 3.15953E04 3.20000E20  255 255 0
1.47943E06 1.65759E05 2.31068E04 1.28187E04 3.20000E20  255 255 0
1.10674E06 3.49138E05 1.12508E04 3.13051E04 3.20000E20  255 255 0
1.29515E06 -2.06184E04 -4.78792E03 5.00017E04 3.20000E20  255 255 0
1.53007E06 8.32847E04 1.66333E04 -9.39871E02 3.20000E20  255 255 0
1.41863E06 -2.74675E03 -1.94411E05 4.77364E04 3.20000E20  255 255 0
1.70622E06 5.58593E03 3.74768E02 1.97228E03 3.20000E20  255 255 0
1.35797E06 3.13213E04 1.80080E04 5.63335E04 3.20000E20  255 255 0
1.25808E06 -1.59118E05 -1.52688E04 3.66842E04 3.20000E20  255 255 0
1.88864E06 -3.61574E04 -1.15546E03 6.23476E03 3.20000E20  255 255 0
1.40095E06 1.21871E05 2.91143E04 2.55542E04 3.20000E20  255 255 0
1.37926E06 -3.54142E04 -2.97928E04 5.46704E04 3.20000E20  255 255 0
1.50808E06 3.89451E05 1.59326E04 1.75984E04 3.20000E20  255 255 0
1.39668E06 4.39853E05 1.55465E04 2.20316E04 3.20000E20  255 255 0
1.53647E06 1.79513E05 1.86632E04 9.03014E03 3.20000E20  255 255 0
1.39028E06 -5.21373E04 -3.70898E04 4.16704E04 3.20000E20  255 255 0
1.64950E06 -4.39517E04 -3.99443E03 2.94061E02 3.20000E20  255 255 0
1.39075E06 1.41047E04 2.59675E04 7.32556E04 3.20000E20  255 255 0
1.38331E06 -1.49556E05 -2.56262E04 2.73574E04 3.20000E20  255 255 0
1.57576E06 -3.82074E05 -1.48721E04 1.51407E04 3.20000E20  255 255 0
1.30246E06 1.27962E05 1.83588E04 3.79626E04 3.20000E20  255 255 0
1.73849E06 3.15304E05 1.08307E04 1.02679E04 3.20000E20  255 255 0
1.55542E06 -1.88407E05 -1.73492E04 8.68071E03 3.20000E20  255 255 0
1.65674E06 1.17627E05 8.89511E03 3.26434E03 3.20000E20  255 255 0
1.50583E06 3.23631E05 1.72367E04 1.66178E04 3.20000E20  255 255 0
1.14974E06 -3.71228E05 -1.23487E04 3.01992E04 3.20000E20  255 255 0
1.42905E06 8.58402E04 3.49012E04 1.71551E04 3.20000E20  255 255 0
1.81998E06 8.74388E04 3.43564E03 5.48720E03 3.20000E20  255 255 0
1.60492E06 3.29053E04 4.14334E03 -2.16802E03 3.20000E20  255 255 0
1.54014E06 -1.35708E05 -1.80690E04 5.11294E03 3.20000E20  255 255 0
1.06944E06 -8.56037E04 -4.09599E03 3.79685E04 3.20000E20  255 255 0
1.07843E06 4.16028E04 2.13855E03 3.87490E04 3.20000E20  255 255 0
1.34726E06 1.02994E05 2.39268E04 3.79086E04 3.20000E20  255 255 0
1.14276E06 -2.98691E03 -2.12507E02 4.08961E04 3.20000E20  255 255 0
1.06091E06 -2.94493E05 -9.63684E03 3.29606E04 3.20000E20  255 255 0
1.03350E06 -8.58507E04 -3.57323E03 3.72877E04 3.20000E20  255 255 0
1.08239E06 2.75009E05 9.91373E03 3.33768E04 3.20000E20  255 255 0
1.14072E06 -1.26083E05 -7.71341E03 3.82668E04 3.20000E20  255 255 0
1.48061E06 2.65329E05 1.92807E04 1.67653E04 3.20000E20  255 255 0
1.45217E06 1.86211E04 2.59320E04 -2.49450E04 3.20000E20  255 255 0
1.62291E06 3.27558E05 1.41189E04 1.24535E04 3.20000E20  255 255 0
1.50059E06 -2.02158E05 -2.05176E04 1.29621E04 3.20000E20  255 255 0
1.40321E06 5.13827E03 2.48000E04 9.74703E04 3.20000E20  255 255 0
1.30789E06 -3.81501E04 -9.78752E03 4.97490E04 3.20000E20  255 255 0
1.65990E06 -2.69525E04 -2.33297E03 3.90453E02 3.20000E20  255 255 0
1.03591E06 2.46342E05 8.27930E03 3.41177E04 3.20000E20  255 255 0
1.71655E06 7.04311E04 4.30318E03 3.06292E03 3.20000E20  255 255 0
1.15779E06 2.14969E05 1.12866E04 3.49569E04 3.20000E20  255 255 0
1.55459E06 -9.10006E04 -1.42459E04 1.57772E01 3.20000E20  255 255 0
1.35509E06 9.94220E04 2.52777E04 3.74906E04 3.20000E20  255 255 0
1.50169E06 -4.37567E03 -1.89705E03 -1.46072E04 3.20000E20  255 255 0
1.41902E06 -5.09573E03 -1.44715E05 2.06182E04 3.20000E20  255 255 0
1.41860E06 -3.05083E02 -2.78795E05 3.87502E05 3.20000E20  255 255 0
1.62419E06 2.16458E05 1.37279E04 8.22902E03 3.20000E20  255 255 0
1.07547E06 1.08627E05 5.18878E03 3.76522E04 3.20000E20  255 255 0
1.39762E06 1.97270E05 2.30562E04 2.37418E04 3.20000E20  255 255 0
1.17676E06 -2.29964E05 -1.23069E04 3.42062E04 3.20000E20  255 255 0
1.74472E06 -2.61018E05 -9.99912E03 8.76483E03 3.20000E20  255 255 0
1.16023E06 -3.33968E05 -1.25635E04 3.09770E04 3.20000E20  255 255 0
1.43165E06 -4.95732E03 -3.23227E04 -6.12660E04 3.20000E20  255 255 0
1.41993E06 9.60765E02 2.02764E05 -1.75327E05 3.20000E20  255 255 0
1.51680E06 -7.10933E04 -1.74695E04 -2.78837E03 3.20000E20  255 255 0
1.39272E06 2.54804E05 2.03037E04 2.33363E04 3.20000E20  255 255 0
1.00817E06 7.92229E04 3.02407E03 3.69245E04 3.20000E20  255 255 0
1.26376E06 -3.86142E04 -6.23480E03 4.63077E04 3.20000E20  255 255 0
1.42243E06 1.63613E03 7.21759E04 -1.30020E05 3.20000E20  255 255 0
1.42156E06 -3.87936E05 -1.65855E04 2.11333E04 3.20000E20  255 255 0
1.35324E06 -4.23207E04 -1.99915E04 5.23071E04 3.20000E20  255 255 0
1.13573E06 -3.40816E05 -1.19341E04 3.11617E04 3.20000E20  255 255 0
1.60539E06 1.51135E05 1.32818E04 4.86213E03 3.20000E20  255 255 0
1.49448E06 3.48633E05 1.69051E04 1.75825E04 3.20000E20  255 255 0
1.42999E06 2.51838E05 2.05562E04 2.03457E04 3.20000E20  255 255 0
1.69314E06 1.69155E05 9.55793E03 5.75250E03 3.20000E20  255 255 0
1.44014E06 8.44964E04 3.39575E04 1.27485E04 3.20000E20  255 255 0
1.42448E06 2.21231E03 5.03146E04 -1.03373E05 3.20000E20  255 255 0
1.39444E06 -2.35958E04 -3.87817E04 6.16090E04 3.20000E20  255 255 0
1.00621E06 1.99324E05 6.63467E03 3.49828E04 3.20000E20  255 255 0
1.02741E06 -1.29874E05 -5.06294E03 3.65082E04 3.20000E20  255 255 0
1.08877E06 2.51411E04 1.36273E03 3.91418E04 3.20000E20  255 255 0
1.20718E06 7.80936E04 7.52092E03 4.16424E04 3.20000E20  255 255 0
1.78666E06 -1.51704E04 -7.02085E02 4.22714E03 3.20000E20  255 255 0
1.56670E06 -3.43939E04 -6.01655E03 -4.59411E03 3.20000E20  255 255 0
1.17308E06 9.48767E04 7.24249E03 4.00153E04 3.20000E20  255 255 0
1.60678E06 -2.00447E04 -2.52324E03 -2.39530E03 3.20000E20  255 255 0
1.33621E06 1.69482E05 2.13727E04 3.16827E04 3.20000E20  255 255 0
9.98563E05 -9.78918E04 -3.56551E03 3.65562E04 3.20000E20  255 255 0
1.40721E06 -7.62898E04 -3.67451E04 2.69223E04 3.20000E20  255 255 0
1.40284E06 -4.84985E04 -4.33489E04 3.56839E04 3.20000E20  255 255 0
1.68602E06 -4.11415E04 -3.02658E03 1.59944E03 3.20000E20  255 255 0
1.82022E06 1.06388E05 4.10971E03 5.74372E03 3.20000E20  255 255 0
1.27607E06 4.47638E05 1.43562E04 2.58264E04 3.20000E20  255 255 0
1.00291E06 -5.10301E04 -1.94222E03 3.70793E04 3.20000E20  255 255 0
1.74956E06 -3.29822E05 -1.06778E04 1.05409E04 3.20000E20  255 255 0
1.21663E06 1.47286E05 1.21507E04 3.79379E04 3.20000E20  255 255 0
1.62072E06 5.28625E03 6.02472E02 -1.74691E03 3.20000E20  255 255 0
1.72898E06 2.25231E05 9.81003E03 7.74131E03 3.20000E20  255 255 0
1.24331E06 -5.36183E04 -7.03594E03 4.42966E04 3.20000E20  255 255 0
1.31270E06 -1.05984E05 -1.88267E04 4.01245E04 3.20000E20  255 255 0
1.42171E06 2.31725E04 6.71778E04 1.33990E04 3.20000E20  255 255 0
1.13208E06 -2.67651E05 -1.12497E04 3.33020E04 3.20000E20  255 255 0
1.69592E06 -2.04394E05 -1.04571E04 7.07507E03 3.20000E20  255 255 0
1.72697E06 -1.53049E05 -7.83964E03 5.46732E03 3.20000E20  255 255 0
1.34857E06 3.99103E05 1.59805E04 2.40627E04 3.20000E20  255 255 0
1.55216E06 -5.90390E04 -1.09712E04 -3.50213E03 3.20000E20  255 255 0
1.37156E06 3.16685E04 2.40131E04 5.72182E04 3.20000E20  255 255 0
1.55167E06 -6.29155E04 -1.15519E04 -3.11672E03 3.20000E20  255 255 0
1.34486E06 5.61037E04 2.04445E04 4.82588E04 3.20000E20  255 255 0
1.53814E06 1.64940E05 1.85650E04 7.83222E03 3.20000E20  255 255 0
1.56472E06 -2.19053E05 -1.67691E04 1.00876E04 3.20000E20  255 255 0
1.49060E06 1.68258E05 2.22291E04 1.17829E04 3.20000E20  255 255 0
1.50014E06 -2.48664E05 -1.92027E04 1.49769E04 3.20000E20  255 255 0
1.48154E06 -2.25825E04 -1.36064E04 -1.64386E04 3.20000E20  255 255 0
1.67193E06 -1.20149E05 -8.37681E03 3.60867E03 3.20000E20  255 255 0
1.33500E06 3.81694E04 1.40695E04 5.22056E04 3.20000E20  255 255 0
1.60901E06 1.56614E05 1.32411E04 5.17779E03 3.20000E20  255 255 0
1.52676E06 2.21268E05 1.87216E04 1.21252E04 3.20000E20  255 255 0
1.18338E06 -3.84502E04 -3.40514E03 4.21093E04 3.20000E20  255 255 0
1.37820E06 2.50773E05 2.02289E04 2.45341E04 3.20000E20  255 255 0
1.68375E06 2.96163E04 2.22514E03 1.35159E03 3.20000E20  255 255 0
1.18511E06 -2.75718E05 -1.31015E04 3.23565E04 3.20000E20  255 255 0
1.40105E06 2.92850E05 1.90362E04 2.24092E04 3.20000E20  255 255 0
1.41496E06 9.02619E04 3.43337E04 2.27776E04 3.20000E20  255 255 0
1.52532E06 1.60694E05 1.96271E04 8.25652E03 3.20000E20  255 255 0
1.49732E06 -1.46371E04 -6.72390E03 -1.47336E04 3.20000E20  255 255 0
1.31336E06 -3.60729E05 -1.61708E04 2.59783E04 3.20000E20  255 255 0
1.12185E06 4.50685E04 2.82570E03 3.98732E04 3.20000E20  255 255 0
1.34654E06 3.12643E04 1.45680E04 5.50072E04 3.20000E20  255 255 0
0.00000E00 0.00000E00 0.00000E00 0.00000E00 9.60000E24  0 0 255
1.89623E05 1.59404E05 3.27151E04 -3.89171E04 3.20000E20  0 0 255
-8.48480E04 2.78012E03 2.84414E03 8.68017E04 3.20000E20  0 0 255
4.46172E04 2.69756E05 4.77444E04 -7.89686E03 3.20000E20  0 0 255
-9.05098E04 1.46697E05 5.18705E04 3.20032E04 3.20000E20  0 0 255
5.29783E04 -2.02381E05 -5.35211E04 -1.40105E04 3.20000E20  0 0 255
1.17440E05 3.40486E03 2.13945E03 -7.37933E04 3.20000E20  0 0 255
-4.32043E04 1.00646E05 7.02605E04 3.01606E04 3.20000E20  0 0 255
2.18744E05 -6.48817E04 -1.50644E04 -5.07885E04 3.20000E20  0 0 255
2.31962E05 -1.15126E05 -2.21066E04 -4.45417E04 3.20000E20  0 0 255
-2.45603E05 4.54050E04 9.20462E03 4.97892E04 3.20000E20  0 0 255
1.07843E05 3.79557E04 2.48455E04 -7.05935E04 3.20000E20  0 0 255
-3.47621E04 -2.34406E05 -5.14195E04 7.62543E03 3.20000E20  0 0 255
1.16852E05 -2.30215E04 -1.41734E04 -7.19412E04 3.20000E20  0 0 255
-4.73061E04 -1.12482E05 -6.67742E04 2.80829E04 3.20000E20  0 0 255
1.01988E05 2.64306E04 1.95573E04 -7.54661E04 3.20000E20  0 0 255
7.47706E04 1.69874E05 5.37594E04 -2.36624E04 3.20000E20  0 0 255
-1.53513E05 -1.53163E04 -6.39602E03 6.41062E04 3.20000E20  0 0 255
-1.47390E05 -1.91666E05 -4.07944E04 3.13707E04 3.20000E20  0 0 255
2.14569E04 2.71169E05 4.83666E04 -3.82711E03 3.20000E20  0 0 255
1.65858E04 2.47244E04 1.21789E05 -8.16992E04 3.20000E20  0 0 255
2.72949E02 -2.86607E03 -4.69477E05 -4.47106E04 3.20000E20  0 0 255
3.58713E03 -3.33850E04 -1.37304E05 -1.47530E04 3.20000E20  0 0 255
1.70598E05 9.96552E03 3.56966E03 -6.11085E04 3.20000E20  0 0 255
2.82274E04 1.85312E05 5.77798E04 -8.80122E03 3.20000E20  0 0 255
-6.29840E03 -5.91712E03 -1.86379E05 1.98388E05 3.20000E20  0 0 255
-2.56708E05 -1.36683E05 -2.20525E04 4.14173E04 3.20000E20  0 0 255
2.41663E05 9.85426E04 1.87028E04 -4.58662E04 3.20000E20  0 0 255
-2.42576E05 1.21027E05 2.16974E04 4.34883E04 3.20000E20  0 0 255
-2.20623E05 -1.81712E04 -4.41472E03 5.36008E04 3.20000E20  0 0 255
2.44545E05 -2.51249E04 -5.21608E03 -5.07690E04 3.20000E20  0 0 255
-1.54918E05 2.09535E04 8.57824E03 6.34224E04 3.20000E20  0 0 255
-1.70404E05 8.15528E04 2.51328E04 5.25149E04 3.20000E20  0 0 255
-1.30656E03 1.29018E04 2.21080E05 2.23888E04 3.20000E20  0 0 255
-4.93470E04 -1.61542E03 -3.72600E03 1.13820E05 3.20000E20  0 0 255
-4.41299E04 1.43552E05 6.24139E04 1.91869E04 3.20000E20  0 0 255
-2.39714E04 -2.55011E05 -4.97799E04 4.67938E03 3.20000E20  0 0 255
-1.63216E05 -5.55744E04 -1.96426E04 5.76882E04 3.20000E20  0 0 255
2.27156E05 1.88290E05 2.97295E04 -3.58662E04 3.20000E20  0 0 255
-1.16479E04 2.82660E04 1.33807E05 5.51393E04 3.20000E20  0 0 255
-1.38731E05 -1.28845E05 -3.95754E04 4.26117E04 3.20000E20  0 0 255
4.66519E04 -2.73607E05 -4.73478E04 -8.07312E03 3.20000E20  0 0 255
-7.68944E04 -9.51699E03 -1.11662E04 9.02193E04 3.20000E20  0 0 255
6.81505E03 2.10768E03 8.85212E04 -2.86227E05 3.20000E20  0 0 255
4.27613E04 -7.82983E04 -7.43534E04 -4.06068E04 3.20000E20  0 0 255
-2.83046E05 1.06180E05 1.61648E04 4.30908E04 3.20000E20  0 0 255
1.46630E05 1.32813E05 3.81924E04 -4.21655E04 3.20000E20  0 0 255
1.10373E05 7.59175E04 3.91807E04 -5.69629E04 3.20000E20  0 0 255
-9.14600E04 2.74393E05 4.46372E04 1.48783E04 3.20000E20  0 0 255
-1.87664E04 4.15095E04 1.08031E05 4.88407E04 3.20000E20  0 0 255
1.26010E05 -1.98136E05 -4.40640E04 -2.80236E04 3.20000E20  0 0 255
-1.58251E03 5.27203E04 1.10133E05 3.30585E03 3.20000E20  0 0 255
-1.33084E05 1.20796E05 4.01161E04 4.41969E04 3.20000E20  0 0 255
1.34440E05 -2.79584E04 -1.39036E04 -6.68564E04 3.20000E20  0 0 255
-1.49889E04 -3.29061E04 -1.21101E05 5.51622E04 3.20000E20  0 0 255
6.91540E03 1.13236E04 1.87483E05 -1.14498E05 3.20000E20  0 0 255
-1.47176E05 2.56042E05 4.03695E04 2.32050E04 3.20000E20  0 0 255
-2.55236E05 3.80122E04 7.33777E03 4.92700E04 3.20000E20  0 0 255
-7.37766E04 -1.67089E05 -5.41639E04 2.39157E04 3.20000E20  0 0 255
-7.30979E04 7.93225E04 5.66579E04 5.22118E04 3.20000E20  0 0 255
4.16843E04 2.68807E04 6.15769E04 -9.54882E04 3.20000E20  0 0 255
-5.28338E04 3.07012E04 5.14310E04 8.85079E04 3.20000E20  0 0 255
-1.48205E05 -4.35677E04 -1.81582E04 6.17689E04 3.20000E20  0 0 255
9.43545E04 1.72216E04 1.46708E04 -8.03791E04 3.20000E20  0 0 255
-2.62643E05 -1.28615E05 -2.05791E04 4.20244E04 3.20000E20  0 0 255
-1.23776E05 1.14306E05 4.18248E04 4.52901E04 3.20000E20  0 0 255
2.67742E04 2.60271E05 4.92104E04 -5.06229E03 3.20000E20  0 0 255
-3.00899E04 -5.86624E04 -8.76880E04 4.49781E04 3.20000E20  0 0 255
7.84264E04 -1.90115E03 -2.18943E03 -9.03184E04 3.20000E20  0 0 255
-3.13624E04 -4.90692E04 -8.83537E04 5.64709E04 3.20000E20  0 0 255
4.87418E04 2.29673E05 5.10851E04 -1.08414E04 3.20000E20  0 0 255
-3.94409E03 -5.42695E04 -1.08194E05 7.86312E03 3.20000E20  0 0 255
1.32723E05 -2.39247E03 -1.25176E03 -6.94417E04 3.20000E20  0 0 255
8.68026E04 -1.18259E05 -5.32602E04 -3.90932E04 3.20000E20  0 0 255
1.81393E04 6.22770E04 9.53918E04 -2.77846E04 3.20000E20  0 0 255
5.86842E04 -2.81909E05 -4.61665E04 -9.61036E03 3.20000E20  0 0 255
-3.70542E04 -6.32335E03 -2.19553E04 1.28656E05 3.20000E20  0 0 255
-3.11447E05 -6.25930E03 -9.10998E02 4.53289E04 3.20000E20  0 0 255
-2.42159E05 -3.83852E04 -8.00072E03 5.04737E04 3.20000E20  0 0 255
-7.29009E03 -6.93264E03 -1.73856E05 1.82820E05 3.20000E20  0 0 255
5.98369E04 -1.98376E05 -5.32219E04 -1.60536E04 3.20000E20  0 0 255
9.52279E04 5.30121E04 3.72820E04 -6.69711E04 3.20000E20  0 0 255
-2.24287E05 -1.16733E04 -2.77528E03 5.33231E04 3.20000E20  0 0 255
2.90264E04 -1.83357E05 -5.80079E04 -9.18295E03 3.20000E20  0 0 255
2.60613E04 -2.45045E05 -5.06888E04 -5.39093E03 3.20000E20  0 0 255
1.30590E04 -2.34032E04 -1.34980E05 -7.53189E04 3.20000E20  0 0 255
-2.64102E05 -3.36582E04 -6.19989E03 4.86480E04 3.20000E20  0 0 255
3.37284E03 -9.56434E02 -1.16592E05 -4.11158E05 3.20000E20  0 0 255
1.74065E05 -7.19943E04 -2.22839E04 -5.38772E04 3.20000E20  0 0 255
-2.57411E04 2.85792E04 9.58717E04 8.63509E04 3.20000E20  0 0 255
-2.42272E03 -1.77128E02 -3.74365E04 5.12048E05 3.20000E20  0 0 255
-1.94684E05 -1.82474E04 -5.34019E03 5.69750E04 3.20000E20  0 0 255
-1.38720E05 5.24717E04 2.32466E04 6.14572E04 3.20000E20  0 0 255
3.61577E03 7.12522E02 8.05908E04 -4.08968E05 3.20000E20  0 0 255
5.62267E04 2.93623E05 4.54541E04 -8.70414E03 3.20000E20  0 0 255
9.24894E04 3.00018E04 2.50392E04 -7.71907E04 3.20000E20  0 0 255
-4.14959E02 -1.31240E03 -6.50323E05 2.05622E05 3.20000E20  0 0 255
-1.46442E05 1.78256E05 4.07084E04 3.34430E04 3.20000E20  0 0 255
-2.41460E05 1.78828E05 2.74746E04 3.70972E04 3.20000E20  0 0 255
-3.68183E04 -3.26955E04 -7.57197E04 8.52677E04 3.20000E20  0 0 255
9.25788E04 1.04355E05 5.06805E04 -4.49614E04 3.20000E20  0 0 255
7.39542E04 2.70301E05 4.61064E04 -1.26147E04 3.20000E20  0 0 255
-5.90468E04 -2.03496E05 -5.27947E04 1.53191E04 3.20000E20  0 0 255
1.08923E03 6.17575E03 3.14685E05 -5.55014E04 3.20000E20  0 0 255
-9.54425E03 -2.59120E04 -1.42892E05 5.26321E04 3.20000E20  0 0 255
-1.01321E05 1.25201E05 4.90133E04 3.96648E04 3.20000E20  0 0 255
1.89672E05 1.89983E05 3.45622E04 -3.45057E04 3.20000E20  0 0 255
-1.08253E05 -5.02611E04 -3.08449E04 6.64345E04 3.20000E20  0 0 255
4.36819E04 1.81714E05 5.69123E04 -1.36811E04 3.20000E20  0 0 255
-1.13968E05 -2.36228E05 -4.45015E04 2.14697E04 3.20000E20  0 0 255
2.77449E05 1.15245E05 1.77093E04 -4.26346E04 3.20000E20  0 0 255
9.10467E04 2.92975E05 4.36269E04 -1.35578E04 3.20000E20  0 0 255
3.24770E04 -5.96737E04 -8.52713E04 -4.64083E04 3.20000E20  0 0 255
1.49816E05 1.75437E05 4.00632E04 -3.42122E04 3.20000E20  0 0 255
-2.74313E05 4.50333E04 7.77501E03 4.73602E04 3.20000E20  0 0 255
-7.31054E03 -1.67005E03 -6.50781E04 2.84875E05 3.20000E20  0 0 255
1.21983E05 -6.88879E03 -4.08181E03 -7.22788E04 3.20000E20  0 0 255
-1.08992E04 2.33250E05 5.23091E04 2.44428E03 3.20000E20  0 0 255
-4.16783E04 -8.35207E04 -7.41097E04 3.69820E04 3.20000E20  0 0 255
-1.80222E04 7.81805E03 7.18494E04 1.65627E05 3.20000E20  0 0 255
1.34349E04 -5.97166E04 -9.97857E04 -2.24496E04 3.20000E20  0 0 255
8.77142E04 -2.25685E05 -4.79320E04 -1.86292E04 3.20000E20  0 0 255
-1.86286E04 -6.68398E04 -9.25368E04 2.57904E04 3.20000E20  0 0 255
-5.49064E04 2.00697E05 5.35080E04 1.46386E04 3.20000E20  0 0 255
-1.49324E05 -1.23043E05 -3.65829E04 4.43966E04 3.20000E20  0 0 255
1.31643E05 -2.74743E05 -4.13444E04 -1.98102E04 3.20000E20  0 0 255
-1.93897E05 2.21116E05 3.50833E04 3.07646E04 3.20000E20  0 0 255
5.67261E04 -1.77539E05 -5.58328E04 -1.78393E04 3.20000E20  0 0 255
-1.75056E05 8.14303E04 2.42894E04 5.22165E04 3.20000E20  0 0 255
2.33117E04 1.20614E05 7.08849E04 -1.37003E04 3.20000E20  0 0 255
-4.29239E04 1.03790E05 6.97738E04 2.88560E04 3.20000E20  0 0 255
3.76388E04 -5.66868E04 -8.08145E04 -5.36591E04 3.20000E20  0 0 255
9.27886E04 1.04940E05 5.06501E04 -4.47850E04 3.20000E20  0 0 255
-5.93722E04 -9.60757E04 -6.40526E04 3.95828E04 3.20000E20  0 0 255
8.78931E04 -9.76778E04 -5.18917E04 -4.66935E04 3.20000E20  0 0 255
3.68170E03 3.60797E04 1.32188E05 -1.34890E04 3.20000E20  0 0 255
-3.33223E04 -2.34996E05 -5.14261E04 7.29218E03 3.20000E20  0 0 255
-1.61452E05 1.44343E05 3.62412E04 4.05370E04 3.20000E20  0 0 255
-1.91229E04 2.44071E04 1.13120E05 8.86294E04 3.20000E20  0 0 255
3.17954E04 7.75849E04 8.08616E04 -3.31382E04 3.20000E20  0 0 255
-7.55297E04 6.73245E04 5.29337E04 5.93849E04 3.20000E20  0 0 255
4.21921E04 4.25160E04 7.33891E04 -7.28299E04 3.20000E20  0 0 255
2.33352E04 4.64739E04 9.91653E04 -4.97924E04 3.20000E20  0 0 255
1.41169E04 -9.07067E04 -8.25246E04 -1.28435E04 3.20000E20  0 0 255
-1.42817E05 -1.09112E05 -3.62368E04 4.74301E04 3.20000E20  0 0 255
-3.67219E04 1.14634E04 3.84447E04 1.23154E05 3.20000E20  0 0 255
2.14337E05 -1.14992E05 -2.42563E04 -4.52122E04 3.20000E20  0 0 255
3.16221E03 -1.78949E05 -5.98043E04 -1.05680E03 3.20000E20  0 0 255
4.73034E04 -7.61002E03 -1.83621E04 -1.14138E05 3.20000E20  0 0 255
1.42666E05 3.12755E04 1.41785E04 -6.46769E04 3.20000E20  0 0 255
2.45792E04 1.35674E05 6.70552E04 -1.21480E04 3.20000E20  0 0 255
-7.24654E04 -8.96736E02 -1.16310E03 9.39904E04 3.20000E20  0 0 255
-2.28080E04 7.04262E04 8.84798E04 2.86547E04 3.20000E20  0 0 255
-1.58275E04 -6.48146E04 -9.51691E04 2.32400E04 3.20000E20  0 0 255
1.82960E04 2.78273E04 1.15862E05 -7.61774E04 3.20000E20  0 0 255
1.10376E05 -1.46090E04 -9.95066E03 -7.51804E04 3.20000E20  0 0 255
8.65243E04 5.64933E04 4.30358E04 -6.59129E04 3.20000E20  0 0 255
-2.26776E04 1.76884E04 9.17694E04 1.17654E05 3.20000E20  0 0 255
-6.50311E04 4.95082E04 5.36152E04 7.04259E04 3.20000E20  0 0 255
2.15661E05 -1.59852E05 -2.90828E04 -3.92364E04 3.20000E20  0 0 255
-9.01199E04 -2.16757E05 -4.82255E04 2.00504E04 3.20000E20  0 0 255
7.30603E04 7.68087E04 5.63132E04 -5.35650E04 3.20000E20  0 0 255
-8.56112E04 5.17528E04 4.13889E04 6.84669E04 3.20000E20  0 0 255
-2.46495E05 -1.24124E05 -2.16637E04 4.30213E04 3.20000E20  0 0 255
-1.61730E04 1.62827E03 1.98817E04 1.97478E05 3.20000E20  0 0 255
1.12268E05 -9.25522E04 -4.21983E04 -5.11875E04 3.20000E20  0 0 255
-2.27121E05 9.85976E04 2.02508E04 4.66479E04 3.20000E20  0 0 255
1.75186E05 1.56796E05 3.48046E04 -3.88866E04 3.20000E20  0 0 255
2.92923E04 1.17351E04 5.29750E04 -1.32233E05 3.20000E20  0 0 255
4.93398E04 -2.79693E04 -5.23990E04 -9.24354E04 3.20000E20  0 0 255
2.75441E05 -3.36654E04 -5.82788E03 -4.76820E04 3.20000E20  0 0 255
1.96514E05 -1.05225E05 -2.52997E04 -4.72487E04 3.20000E20  0 0 255
6.96870E04 1.37124E05 5.75189E04 -2.92313E04 3.20000E20  0 0 255
-1.46125E05 -2.34545E05 -4.08563E04 2.54540E04 3.20000E20  0 0 255
1.25432E05 1.43217E05 4.36279E04 -3.82101E04 3.20000E20  0 0 255
-6.51172E03 -9.52469E03 -1.94474E05 1.32955E05 3.20000E20  0 0 255
1.41178E05 -1.00685E05 -3.52840E04 -4.94742E04 3.20000E20  0 0 255
-5.44645E04 -7.67131E04 -6.72688E04 4.77592E04 3.20000E20  0 0 255
1.37648E05 -6.90243E04 -2.89057E04 -5.76437E04 3.20000E20  0 0 255
5.40227E04 7.56411E04 6.75414E04 -4.82379E04 3.20000E20  0 0 255
-5.89293E04 3.99364E04 5.32068E04 7.85108E04 3.20000E20  0 0 255
7.90538E04 -8.74393E04 -5.46712E04 -4.94281E04 3.20000E20  0 0 255
-1.39659E05 6.12614E04 2.60292E04 5.93395E04 3.20000E20  0 0 255
2.24175E05 -7.54540E04 -1.65975E04 -4.93116E04 3.20000E20  0 0 255
9.44734E04 8.31854E04 4.71331E04 -5.35289E04 3.20000E20  0 0 255
-8.25245E04 5.58673E04 4.49362E04 6.63777E04 3.20000E20  0 0 255
-2.21558E05 -3.63934E04 -8.65601E03 5.26966E04 3.20000E20  0 0 255
-5.72628E04 6.14721E04 6.38811E04 5.95068E04 3.20000E20  0 0 255
-4.35777E04 1.71240E05 5.83387E04 1.48462E04 3.20000E20  0 0 255
-1.31156E05 -2.89672E04 -1.48905E04 6.74205E04 3.20000E20  0 0 255
-8.60096E03 1.74918E04 1.62647E05 7.99761E04 3.20000E20  0 0 255
-3.88774E04 4.37541E04 7.81877E04 6.94732E04 3.20000E20  0 0 255
1.78238E04 2.78950E05 4.77648E04 -3.05197E03 3.20000E20  0 0 255
-7.27005E04 3.20091E04 3.61787E04 8.21707E04 3.20000E20  0 0 255
7.67674E04 -2.54233E05 -4.70068E04 -1.41940E04 3.20000E20  0 0 255
-2.97490E05 -9.65246E04 -1.39645E04 4.30387E04 3.20000E20  0 0 255
-8.14771E03 -2.68698E04 -1.44516E05 4.38214E04 3.20000E20  0 0 255
1.87332E03 5.03743E03 3.23521E05 -1.20311E05 3.20000E20  0 0 255
2.28419E05 2.04630E05 3.04897E04 -3.40342E04 3.20000E20  0 0 255
1.86150E05 1.66534E05 3.37589E04 -3.77355E04 3.20000E20  0 0 255
1.34734E05 1.44284E05 4.16254E04 -3.88704E04 3.20000E20  0 0 255
1.13923E05 -9.69877E04 -4.24080E04 -4.98128E04 3.20000E20  0 0 255
-9.66488E04 -9.44520E04 -4.81111E04 4.92301E04 3.20000E20  0 0 255
-2.43638E05 -1.44652E05 -2.42690E04 4.08765E04 3.20000E20  0 0 255
2.96652E04 -2.60351E04 -8.40162E04 -9.57307E04 3.20000E20  0 0 255
5.08292E04 -1.82381E05 -5.60201E04 -1.56127E04 3.20000E20  0 0 255
-2.63380E05 -1.20074E05 -1.95104E04 4.27957E04 3.20000E20  0 0 255
-1.35984E04 -6.36367E03 -8.75328E04 1.87048E05 3.20000E20  0 0 255
-2.83469E04 -2.38277E04 -8.46116E04 1.00659E05 3.20000E20  0 0 255
2.30301E05 9.11631E04 1.87137E04 -4.72756E04 3.20000E20  0 0 255
2.61897E03 -2.49589E02 -4.68042E04 -4.91121E05 3.20000E20  0 0 255
1.28708E04 -2.52302E02 -4.37105E03 -2.22983E05 3.20000E20  0 0 255
-1.66941E04 1.33844E05 6.83708E04 8.52776E03 3.20000E20  0 0 255
-1.15304E05 7.37903E04 3.68654E04 5.76057E04 3.20000E20  0 0 255
-2.79686E04 4.94155E04 9.24170E04 5.23069E04 3.20000E20  0 0 255
-2.64553E05 2.60284E04 4.80549E03 4.88432E04 3.20000E20  0 0 255
-2.04820E05 -1.58063E05 -3.03940E04 3.93849E04 3.20000E20  0 0 255
-1.97210E04 -3.68827E04 -1.09114E05 5.83429E04 3.20000E20  0 0 255
3.07312E04 -1.63133E05 -6.10336E04 -1.14976E04 3.20000E20  0 0 255
4.64248E04 -1.24911E05 -6.49760E04 -2.41491E04 3.20000E20  0 0 255
2.30136E05 5.11270E04 1.13026E04 -5.08762E04 3.20000E20  0 0 255
2.98025E04 2.49101E05 5.01627E04 -6.00148E03 3.20000E20  0 0 255
-3.27774E03 2.31737E04 1.63776E05 2.31648E04 3.20000E20  0 0 255
-1.66854E05 -2.17491E05 -3.83465E04 2.94184E04 3.20000E20  0 0 255
1.12847E04 9.30655E04 8.20446E04 -9.94838E03 3.20000E20  0 0 255
-5.10428E04 -1.32793E05 -6.26220E04 2.40707E04 3.20000E20  0 0 255
-9.25961E03 -2.98469E05 -4.62845E04 1.43592E03 3.20000E20  0 0 255
1.64840E05 7.51307E04 2.46571E04 -5.40989E04 3.20000E20  0 0 255
1.56694E05 -1.50976E05 -3.76391E04 -3.90645E04 3.20000E20  0 0 255
-9.35327E04 1.55386E05 5.09074E04 3.06432E04 3.20000E20  0 0 255
1.91615E05 1.84618E05 3.40366E04 -3.53267E04 3.20000E20  0 0 255
-1.38504E05 8.11650E04 3.19314E04 5.44893E04 3.20000E20  0 0 255
-2.12661E05 1.97661E05 3.19720E04 3.43983E04 3.20000E20  0 0 255
1.58120E04 3.92789E04 1.14077E05 -4.59226E04 3.20000E20  0 0 255
1.73718E05 -2.45574E04 -8.45606E03 -5.98179E04 3.20000E20  0 0 255
-2.60756E05 -9.90659E04 -1.70160E04 4.47884E04 3.20000E20  0 0 255
-1.23775E05 -9.59699E03 -5.55179E03 7.16028E04 3.20000E20  0 0 255
1.92154E03 -2.36009E05 -5.20850E04 -4.24065E02 3.20000E20  0 0 255
1.56106E05 -1.22333E04 -4.99595E03 -6.37521E04 3.20000E20  0 0 255
-8.43135E04 -2.14823E05 -4.90335E04 1.92446E04 3.20000E20  0 0 255
-1.51805E04 2.04033E05 5.57892E04 4.15083E03 3.20000E20  0 0 255
-3.05742E04 -1.97135E05 -5.59854E04 8.68294E03 3.20000E20  0 0 255
-1.37432E05 -4.41407E04 -2.03671E04 6.34128E04 3.20000E20  0 0 255
4.03170E04 4.13972E04 7.54116E04 -7.34440E04 3.20000E20  0 0 255
-1.24986E05 1.09060E05 4.08488E04 4.68140E04 3.20000E20  0 0 255
-2.03257E04 6.89357E04 9.05364E04 2.66947E04 3.20000E20  0 0 255
7.64902E03 2.47399E04 1.50232E05 -4.64486E04 3.20000E20  0 0 255
2.08188E04 -1.54103E05 -6.35920E04 -8.59110E03 3.20000E20  0 0 255
-9.94417E04 5.86289E04 3.78255E04 6.41567E04 3.20000E20  0 0 255
3.78972E04 -2.11880E05 -5.36904E04 -9.60317E03 3.20000E20  0 0 255
-4.09594E04 -2.35079E05 -5.10329E04 8.89181E03 3.20000E20  0 0 255
