652
2.83800E06
1.41900E06 0.00000E00 0.00000E00 4.33612E04 1.60000E24  255 255 0
1.41856E06 1.45612E05 2.70720E04 4.34436E04 4.00000E19  255 255 0
1.31765E06 -1.09535E05 -1.96289E04 6.15230E04 4.00000E19  255 255 0
1.46598E06 -3.06441E04 -2.38285E04 6.82733E03 4.00000E19  255 255 0
1.46213E06 3.67483E04 2.81452E04 1.03272E04 4.00000E19  255 255 0
1.46317E06 1.59716E05 2.44596E04 3.65976E04 4.00000E19  255 255 0
1.54339E06 2.06272E03 4.85635E02 1.40762E04 4.00000E19  255 255 0
1.40627E06 -2.48807E04 -5.50183E04 7.14998E04 4.00000E19  255 255 0
1.56712E06 1.82827E05 1.65473E04 2.99548E04 4.00000E19  255 255 0
1.41665E06 -2.79522E03 -1.30972E05 1.53308E05 4.00000E19  255 255 0
1.45634E06 -6.51721E04 -3.27068E04 2.46232E04 4.00000E19  255 255 0
1.35620E06 2.52925E04 1.48318E04 8.01891E04 4.00000E19  255 255 0
1.40593E06 6.28879E04 3.99084E04 5.16559E04 4.00000E19  255 255 0
1.51905E06 2.24627E04 7.06724E03 1.18838E04 4.00000E19  255 255 0
1.64698E06 -8.03855E03 -7.62186E02 2.17453E04 4.00000E19  255 255 0
1.38667E06 8.36652E02 1.48623E03 1.00788E05 4.00000E19  255 255 0
1.50470E06 1.22443E05 2.18920E04 2.80382E04 4.00000E19  255 255 0
1.34054E06 -1.09327E05 -2.28790E04 5.97810E04 4.00000E19  255 255 0
1.34080E06 1.10821E05 2.29190E04 5.95336E04 4.00000E19  255 255 0
1.41148E06 7.12136E04 3.83912E04 4.74139E04 4.00000E19  255 255 0
1.54234E06 6.93724E04 1.34625E04 1.94257E04 4.00000E19  255 255 0
1.39858E06 4.17015E03 1.43214E04 1.13477E05 4.00000E19  255 255 0
1.30207E06 1.12465E05 1.77789E04 6.18465E04 4.00000E19  255 255 0
1.42579E06 -6.25330E04 -4.09493E04 3.89127E04 4.00000E19  255 255 0
1.31688E06 1.77640E04 5.49926E03 7.49740E04 4.00000E19  255 255 0
1.43976E06 -1.33046E03 -4.58106E03 -2.81180E04 4.00000E19  255 255 0
1.48920E06 -2.12562E03 -1.17991E03 4.39664E03 4.00000E19  255 255 0
1.26418E06 -8.80581E04 -1.21019E04 6.46384E04 4.00000E19  255 255 0
1.39671E06 9.97989E04 3.15287E04 5.04028E04 4.00000E19  255 255 0
1.39373E06 1.26218E05 2.82336E04 4.90130E04 4.00000E19  255 255 0
1.26334E06 2.99837E04 4.90775E03 6.88395E04 4.00000E19  255 255 0
1.42767E06 -7.67218E03 -6.36191E04 -2.85417E04 4.00000E19  255 255 0
1.39444E06 -1.91664E05 -2.33102E04 4.63487E04 4.00000E19  255 255 0
1.43581E06 -1.02859E04 -3.84025E04 -1.94080E04 4.00000E19  255 255 0
1.41007E06 -6.28803E04 -4.05846E04 4.91250E04 4.00000E19  255 255 0
1.39096E06 1.39865E05 2.68187E04 4.87370E04 4.00000E19  255 255 0
1.22328E06 -3.74495E04 -4.34906E03 6.60908E04 4.00000E19  255 255 0
1.39005E06 -1.34436E05 -2.72333E04 4.92261E04 4.00000E19  255 255 0
1.33425E06 1.32876E04 5.46304E03 7.82061E04 4.00000E19  255 255 0
1.28785E06 -1.97924E04 -4.23294E03 7.14095E04 4.00000E19  255 255 0
1.33560E06 1.25951E05 2.21619E04 5.80354E04 4.00000E19  255 255 0
1.33785E06 -1.08871E04 -4.80042E03 7.91432E04 4.00000E19  255 255 0
1.44282E06 -2.25430E04 -3.92046E04 1.92784E03 4.00000E19  255 255 0
1.40404E06 1.68370E04 5.14658E04 8.90783E04 4.00000E19  255 255 0
1.49148E06 1.82064E05 2.16814E04 3.47293E04 4.00000E19  255 255 0
1.39261E06 2.07141E05 2.24257E04 4.62180E04 4.00000E19  255 255 0
1.43112E06 -8.58495E04 -3.47400E04 3.84585E04 4.00000E19  255 255 0
1.54443E06 9.75544E04 1.59109E04 2.29047E04 4.00000E19  255 255 0
1.43857E06 -1.01360E03 -3.81814E03 -3.03434E04 4.00000E19  255 255 0
1.46807E06 1.07837E05 2.73177E04 3.09308E04 4.00000E19  255 255 0
1.24310E06 -1.39778E05 -1.35594E04 6.04243E04 4.00000E19  255 255 0
1.29808E06 -8.39959E04 -1.53591E04 6.54729E04 4.00000E19  255 255 0
1.40698E06 -5.01407E03 -3.48628E04 1.26912E05 4.00000E19  255 255 0
1.46156E06 -4.53167E04 -3.02023E04 1.49978E04 4.00000E19  255 255 0
1.27304E06 -1.61511E05 -1.64268E04 5.82067E04 4.00000E19  255 255 0
1.43278E06 -1.55130E05 -2.60744E04 4.10448E04 4.00000E19  255 255 0
1.36543E06 -7.50951E04 -2.76909E04 6.31138E04 4.00000E19  255 255 0
1.41242E06 -3.32921E03 -5.43170E04 1.50705E05 4.00000E19  255 255 0
1.58220E06 1.94333E04 3.01297E03 1.80581E04 4.00000E19  255 255 0
1.45862E06 -2.64994E04 -2.63064E04 4.03007E03 4.00000E19  255 255 0
1.54938E06 -1.18964E05 -1.65743E04 2.51967E04 4.00000E19  255 255 0
1.54758E06 -6.85410E04 -1.27309E04 1.94790E04 4.00000E19  255 255 0
1.53849E06 -1.00861E05 -1.68509E04 2.33978E04 4.00000E19  255 255 0
1.34893E06 1.39957E05 2.33497E04 5.50506E04 4.00000E19  255 255 0
1.41713E06 -5.39651E03 -1.29186E05 8.80722E04 4.00000E19  255 255 0
1.46372E06 -4.82750E04 -2.95412E04 1.59933E04 4.00000E19  255 255 0
1.32232E06 2.50634E02 8.61359E01 7.65860E04 4.00000E19  255 255 0
1.42818E06 3.52470E03 3.73622E04 -5.39060E04 4.00000E19  255 255 0
1.38193E06 -4.32797E04 -3.28695E04 7.15117E04 4.00000E19  255 255 0
1.41787E06 -2.13815E04 -7.05010E04 4.70877E04 4.00000E19  255 255 0
1.45863E06 8.61312E03 1.08951E04 -6.76698E03 4.00000E19  255 255 0
1.43600E06 -1.15467E05 -2.99162E04 3.89560E04 4.00000E19  255 255 0
1.26069E06 -7.71100E04 -1.07804E04 6.54935E04 4.00000E19  255 255 0
1.20762E06 -4.35686E04 -4.48893E03 6.51402E04 4.00000E19  255 255 0
1.40691E06 -6.92720E04 -3.83773E04 5.00578E04 4.00000E19  255 255 0
1.57297E06 6.84645E04 1.02249E04 2.03661E04 4.00000E19  255 255 0
1.38179E06 -1.62994E05 -2.46313E04 4.89848E04 4.00000E19  255 255 0
1.56850E06 -1.77790E05 -1.64050E04 2.95665E04 4.00000E19  255 255 0
1.38616E06 1.89511E05 2.32098E04 4.73827E04 4.00000E19  255 255 0
1.41800E06 -6.85945E04 -3.94375E04 4.39355E04 4.00000E19  255 255 0
1.39829E06 -3.24610E03 -1.10479E04 1.13850E05 4.00000E19  255 255 0
1.41092E06 8.88923E04 3.44357E04 4.64924E04 4.00000E19  255 255 0
1.47734E06 -7.45400E04 -2.64429E04 2.26669E04 4.00000E19  255 255 0
1.48275E06 -7.30459E04 -2.49976E04 2.15462E04 4.00000E19  255 255 0
1.49251E06 -9.75223E04 -2.36056E04 2.55672E04 4.00000E19  255 255 0
1.37921E06 -1.97762E05 -2.25489E04 4.78980E04 4.00000E19  255 255 0
1.49967E06 1.32017E04 5.83550E03 7.70308E03 4.00000E19  255 255 0
1.29791E06 -1.08878E04 -2.65312E03 7.28692E04 4.00000E19  255 255 0
1.57095E06 -9.79109E04 -1.31613E04 2.29364E04 4.00000E19  255 255 0
1.24251E06 -7.16834E04 -8.90708E03 6.52908E04 4.00000E19  255 255 0
1.35293E06 1.76028E04 1.01701E04 8.15358E04 4.00000E19  255 255 0
1.39367E06 -1.91770E05 -2.32862E04 4.64371E04 4.00000E19  255 255 0
1.57991E06 -9.06529E04 -1.17988E04 2.24180E04 4.00000E19  255 255 0
1.43483E06 8.62538E04 3.43115E04 3.70630E04 4.00000E19  255 255 0
1.33835E06 1.78536E05 2.12700E04 5.29701E04 4.00000E19  255 255 0
1.60333E06 -4.60844E04 -5.74815E03 2.03693E04 4.00000E19  255 255 0
1.31787E06 -3.52768E04 -1.03968E04 7.31659E04 4.00000E19  255 255 0
1.23821E06 1.15879E05 1.20300E04 6.21298E04 4.00000E19  255 255 0
1.35457E06 -3.03666E04 -1.65027E04 7.83752E04 4.00000E19  255 255 0
1.43497E06 -3.85917E03 -1.89352E04 -3.49841E04 4.00000E19  255 255 0
1.28983E06 6.94308E03 1.54174E03 7.20432E04 4.00000E19  255 255 0
1.38833E06 -8.27017E04 -3.26140E04 5.54546E04 4.00000E19  255 255 0
1.39285E06 -6.85736E04 -3.56312E04 5.69472E04 4.00000E19  255 255 0
1.45259E06 2.12074E04 2.76733E04 -4.66235E02 4.00000E19  255 255 0
1.37841E06 -1.16557E05 -2.77696E04 5.30320E04 4.00000E19  255 255 0
1.35635E06 -4.91741E04 -2.26019E04 7.21562E04 4.00000E19  255 255 0
1.22853E06 1.39544E04 1.72717E03 6.69367E04 4.00000E19  255 255 0
1.38828E06 6.51931E04 3.48088E04 5.97662E04 4.00000E19  255 255 0
1.41379E06 3.53556E04 5.40616E04 5.13323E04 4.00000E19  255 255 0
1.37099E06 -1.46414E05 -2.50076E04 5.15609E04 4.00000E19  255 255 0
1.60890E06 3.91781E03 4.88938E02 1.96624E04 4.00000E19  255 255 0
1.41093E06 -6.36071E02 -9.01704E03 1.57805E05 4.00000E19  255 255 0
1.45395E06 -2.68475E03 -4.22618E03 -1.16543E04 4.00000E19  255 255 0
1.42003E06 4.24514E03 1.51835E05 6.34429E03 4.00000E19  255 255 0
1.41878E06 -4.07276E03 -1.61528E05 5.19995E04 4.00000E19  255 255 0
1.39548E06 -7.36224E04 -3.53974E04 5.46681E04 4.00000E19  255 255 0
1.43878E06 -5.22062E04 -4.08872E04 2.78731E04 4.00000E19  255 255 0
1.42434E06 2.27397E05 2.16547E04 4.28529E04 4.00000E19  255 255 0
1.41465E06 -8.40180E03 -9.42837E04 9.22276E04 4.00000E19  255 255 0
1.27467E06 4.35182E04 7.68089E03 6.88355E04 4.00000E19  255 255 0
1.49729E06 2.78705E04 1.20183E04 9.60104E03 4.00000E19  255 255 0
1.26395E06 -1.66485E05 -1.58492E04 5.81223E04 4.00000E19  255 255 0
1.41914E06 -1.92972E05 -2.35167E04 4.33441E04 4.00000E19  255 255 0
1.24463E06 -1.02409E05 -1.16342E04 6.31702E04 4.00000E19  255 255 0
1.63645E06 2.62639E04 2.64676E03 2.14472E04 4.00000E19  255 255 0
1.53692E06 -1.33525E05 -1.83463E04 2.71595E04 4.00000E19  255 255 0
1.51404E06 -7.79884E04 -1.86899E04 2.05853E04 4.00000E19  255 255 0
1.41980E06 -6.17445E04 -4.15689E04 4.28199E04 4.00000E19  255 255 0
1.48649E06 7.82209E04 2.43337E04 2.23650E04 4.00000E19  255 255 0
1.42266E06 -8.20723E03 -9.95210E04 -1.03272E03 4.00000E19  255 255 0
1.40510E06 -3.00732E04 -5.15168E04 6.71764E04 4.00000E19  255 255 0
1.38985E06 -2.05194E05 -2.24664E04 4.65525E04 4.00000E19  255 255 0
1.56174E06 6.51898E04 1.08340E04 1.96395E04 4.00000E19  255 255 0
1.44511E06 1.29262E04 2.68482E04 -1.08772E04 4.00000E19  255 255 0
1.42327E06 7.93759E04 3.65877E04 4.13912E04 4.00000E19  255 255 0
1.28283E06 1.39660E05 1.67472E04 5.96905E04 4.00000E19  255 255 0
1.39959E06 8.03615E04 3.49248E04 5.17960E04 4.00000E19  255 255 0
1.46030E06 3.60174E04 2.90031E04 1.01016E04 4.00000E19  255 255 0
1.51021E06 -4.17896E03 -1.56482E03 9.20855E03 4.00000E19  255 255 0
1.31095E06 -8.96947E04 -1.76084E04 6.45726E04 4.00000E19  255 255 0
1.46680E06 6.66792E03 6.49622E03 -3.21033E03 4.00000E19  255 255 0
1.39165E06 -1.13383E05 -2.94058E04 5.04533E04 4.00000E19  255 255 0
1.40026E06 6.63131E04 3.78699E04 5.40639E04 4.00000E19  255 255 0
1.48456E06 -3.72938E04 -1.85983E04 1.06658E04 4.00000E19  255 255 0
1.35325E06 -7.99629E04 -2.47997E04 6.37534E04 4.00000E19  255 255 0
1.45462E06 2.02127E05 2.24568E04 3.94036E04 4.00000E19  255 255 0
1.45876E06 7.38308E04 3.14087E04 2.64458E04 4.00000E19  255 255 0
1.49076E06 8.58305E04 2.36948E04 2.35506E04 4.00000E19  255 255 0
1.45456E06 -5.41602E04 -3.39262E04 2.10865E04 4.00000E19  255 255 0
1.36000E06 -1.04571E05 -2.59661E04 5.80109E04 4.00000E19  255 255 0
1.27747E06 -1.24349E05 -1.57094E04 6.12409E04 4.00000E19  255 255 0
1.33122E06 -1.07769E05 -2.14839E04 6.08608E04 4.00000E19  255 255 0
1.42067E06 2.99013E04 5.96018E04 4.00259E04 4.00000E19  255 255 0
1.43792E06 -7.04256E04 -3.69456E04 3.34367E04 4.00000E19  255 255 0
1.44832E06 4.58762E04 3.73071E04 1.95206E04 4.00000E19  255 255 0
1.58658E06 1.26033E05 1.35597E04 2.53312E04 4.00000E19  255 255 0
1.45282E06 8.47379E04 3.17647E04 3.06843E04 4.00000E19  255 255 0
1.26708E06 3.14816E04 5.32207E03 6.90431E04 4.00000E19  255 255 0
1.41748E06 -1.31073E04 -8.93334E04 5.37233E04 4.00000E19  255 255 0
1.19549E06 3.91548E04 3.74213E03 6.47226E04 4.00000E19  255 255 0
1.41959E06 -1.96155E02 -1.31979E05 -3.50768E05 4.00000E19  255 255 0
1.50637E06 1.18650E05 2.16715E04 2.74040E04 4.00000E19  255 255 0
1.44143E06 -3.55359E03 -1.07242E04 -2.43406E04 4.00000E19  255 255 0
1.56705E06 -1.37856E05 -1.56525E04 2.65518E04 4.00000E19  255 255 0
1.34704E06 -1.96122E04 -9.94698E03 7.98571E04 4.00000E19  255 255 0
1.41831E06 2.75120E04 6.22528E04 4.49151E04 4.00000E19  255 255 0
1.41074E06 -1.85732E03 -2.46488E04 1.52924E05 4.00000E19  255 255 0
1.36739E06 -1.25917E04 -1.06236E04 8.69046E04 4.00000E19  255 255 0
1.57401E06 -1.11464E05 -1.38022E04 2.41662E04 4.00000E19  255 255 0
1.31632E06 -1.39525E05 -1.99900E04 5.80730E04 4.00000E19  255 255 0
1.53226E06 1.58106E04 4.22358E03 1.31059E04 4.00000E19  255 255 0
1.49604E06 -4.98164E04 -1.85188E04 1.47210E04 4.00000E19  255 255 0
1.53413E06 1.31313E05 1.85880E04 2.70644E04 4.00000E19  255 255 0
1.37192E06 -6.01349E04 -2.94341E04 6.64049E04 4.00000E19  255 255 0
1.29726E06 -1.19427E05 -1.75185E04 6.12187E04 4.00000E19  255 255 0
1.37959E06 -1.01798E05 -2.91578E04 5.46508E04 4.00000E19  255 255 0
1.60948E06 5.80292E04 6.74683E03 2.12153E04 4.00000E19  255 255 0
1.48665E06 1.03836E05 2.45868E04 2.73420E04 4.00000E19  255 255 0
1.32893E06 -5.99541E04 -1.74021E04 6.95049E04 4.00000E19  255 255 0
1.24765E06 1.33298E05 1.36141E04 6.08613E04 4.00000E19  255 255 0
1.44828E06 1.21263E05 2.84314E04 3.64953E04 4.00000E19  255 255 0
1.59249E06 -4.25114E04 -5.81714E03 1.96208E04 4.00000E19  255 255 0
1.45012E06 1.89374E04 2.81369E04 -2.87581E03 4.00000E19  255 255 0
1.37114E06 -1.31936E04 -1.23205E04 8.80571E04 4.00000E19  255 255 0
1.42022E06 6.66351E04 4.00094E04 4.26299E04 4.00000E19  255 255 0
1.47217E06 8.94015E04 2.75304E04 2.69886E04 4.00000E19  255 255 0
1.57920E06 6.82260E04 9.70022E03 2.05841E04 4.00000E19  255 255 0
1.43969E06 -7.73280E04 -3.52729E04 3.39254E04 4.00000E19  255 255 0
1.45991E06 2.77251E04 2.60728E04 4.89297E03 4.00000E19  255 255 0
1.35657E06 8.64271E04 2.56473E04 6.18868E04 4.00000E19  255 255 0
1.43486E06 1.79023E05 2.42729E04 4.12106E04 4.00000E19  255 255 0
1.30274E06 1.47999E03 3.85664E02 7.36557E04 4.00000E19  255 255 0
1.22284E06 8.31595E04 8.73516E03 6.39666E04 4.00000E19  255 255 0
1.42798E06 1.08798E03 1.30704E04 -6.44851E04 4.00000E19  255 255 0
1.40566E06 8.09522E04 3.55860E04 4.92263E04 4.00000E19  255 255 0
1.38745E06 -4.26438E03 -7.75654E03 1.00740E05 4.00000E19  255 255 0
1.40178E06 -8.01827E03 -3.16312E04 1.11307E05 4.00000E19  255 255 0
1.40507E06 1.74316E05 2.46252E04 4.53292E04 4.00000E19  255 255 0
1.43130E06 -1.07500E05 -3.12019E04 3.97904E04 4.00000E19  255 255 0
1.40699E06 4.07150E04 4.80928E04 5.75449E04 4.00000E19  255 255 0
1.31486E06 1.30747E05 1.97650E04 5.91034E04 4.00000E19  255 255 0
1.42114E06 -6.11928E03 -1.21081E05 9.49493E02 4.00000E19  255 255 0
1.36296E06 -4.93898E04 -2.49918E04 7.17178E04 4.00000E19  255 255 0
1.39325E06 7.41666E03 1.74652E04 1.04002E05 4.00000E19  255 255 0
1.51669E06 6.12773E04 1.61654E04 1.75904E04 4.00000E19  255 255 0
1.50685E06 -1.40666E05 -2.15162E04 2.99242E04 4.00000E19  255 255 0
1.42832E06 -8.87359E03 -6.28109E04 -2.25875E04 4.00000E19  255 255 0
1.37116E06 -1.63302E04 -1.48417E04 8.68439E04 4.00000E19  255 255 0
1.27287E06 1.81533E05 1.66699E04 5.67799E04 4.00000E19  255 255 0
1.38853E06 5.65672E04 3.58800E04 6.26893E04 4.00000E19  255 255 0
1.38164E06 2.08185E05 2.21093E04 4.73285E04 4.00000E19  255 255 0
1.38603E06 -4.36133E04 -3.52419E04 7.00054E04 4.00000E19  255 255 0
1.37061E06 1.73767E05 2.34320E04 4.98869E04 4.00000E19  255 255 0
1.29947E06 -1.60671E05 -1.85217E04 5.71403E04 4.00000E19  255 255 0
1.45737E06 -9.36391E04 -3.00503E04 3.10492E04 4.00000E19  255 255 0
1.43341E06 -3.64966E04 -4.85071E04 2.42083E04 4.00000E19  255 255 0
1.42162E06 -6.05531E04 -4.19223E04 4.15464E04 4.00000E19  255 255 0
1.42331E06 -6.38455E04 -4.07456E04 4.06137E04 4.00000E19  255 255 0
1.43862E06 1.92766E05 2.33480E04 4.09843E04 4.00000E19  255 255 0
1.42096E06 -4.23440E03 -1.37322E05 -2.00657E04 4.00000E19  255 255 0
1.37770E06 6.37855E04 3.14569E04 6.37296E04 4.00000E19  255 255 0
1.36520E06 1.10501E05 2.64943E04 5.62603E04 4.00000E19  255 255 0
1.27914E06 1.87974E05 1.71226E04 5.61012E04 4.00000E19  255 255 0
1.28743E06 -7.96939E04 -1.36467E04 6.58904E04 4.00000E19  255 255 0
1.39700E06 1.49246E05 2.63129E04 4.72404E04 4.00000E19  255 255 0
1.31520E06 1.00370E05 1.88976E04 6.29053E04 4.00000E19  255 255 0
1.40118E06 1.86976E04 4.65238E04 8.77105E04 4.00000E19  255 255 0
1.43934E06 1.55744E04 3.92324E04 -7.88503E03 4.00000E19  255 255 0
1.32805E06 -4.02744E04 -1.32623E04 7.33113E04 4.00000E19  255 255 0
1.30432E06 -4.59905E04 -1.09389E04 7.06385E04 4.00000E19  255 255 0
1.43028E06 -2.22508E05 -2.18582E04 4.22527E04 4.00000E19  255 255 0
1.43715E06 -8.04500E03 -2.97140E04 -2.36687E04 4.00000E19  255 255 0
1.44770E06 4.47501E03 9.33674E03 -1.65260E04 4.00000E19  255 255 0
1.62032E06 -6.08749E04 -6.51995E03 2.17995E04 4.00000E19  255 255 0
1.30197E06 1.76458E05 1.87093E04 5.57699E04 4.00000E19  255 255 0
1.34004E06 -2.05103E04 -9.09259E03 7.83673E04 4.00000E19  255 255 0
1.43603E06 -6.61285E03 -2.76634E04 -2.78849E04 4.00000E19  255 255 0
1.52804E06 1.33447E04 3.78631E03 1.24235E04 4.00000E19  255 255 0
1.29796E06 -1.46589E05 -1.82698E04 5.84472E04 4.00000E19  255 255 0
1.48810E06 -3.07672E03 -1.74728E03 4.11992E03 4.00000E19  255 255 0
1.36645E06 -3.35477E04 -2.22622E04 7.82342E04 4.00000E19  255 255 0
1.40029E06 1.43715E05 2.69092E04 4.68636E04 4.00000E19  255 255 0
1.26816E06 -1.09292E05 -1.40439E04 6.27440E04 4.00000E19  255 255 0
1.42045E06 -3.07665E03 -1.60083E05 -3.23422E04 4.00000E19  255 255 0
1.51914E06 -1.15288E05 -1.99585E04 2.60256E04 4.00000E19  255 255 0
1.34868E06 -3.54185E04 -1.65604E04 7.62417E04 4.00000E19  255 255 0
1.39234E06 1.73415E05 2.43765E04 4.71089E04 4.00000E19  255 255 0
1.52094E06 4.17308E04 1.17922E04 1.45551E04 4.00000E19  255 255 0
1.30542E06 -1.41833E05 -1.89171E04 5.85096E04 4.00000E19  255 255 0
1.40682E06 1.33051E05 2.81446E04 4.59380E04 4.00000E19  255 255 0
1.46868E06 4.25477E04 2.62753E04 1.26822E04 4.00000E19  255 255 0
1.45966E06 -1.49272E05 -2.53407E04 3.64583E04 4.00000E19  255 255 0
1.42632E06 -1.31357E05 -2.84373E04 4.17775E04 4.00000E19  255 255 0
1.23719E06 3.89210E04 5.01525E03 6.67885E04 4.00000E19  255 255 0
1.44530E06 -3.11749E04 -3.91019E04 1.03799E04 4.00000E19  255 255 0
1.29683E06 -1.91296E05 -1.82748E04 5.50321E04 4.00000E19  255 255 0
1.34356E06 -9.30128E04 -2.31840E04 6.21656E04 4.00000E19  255 255 0
1.40956E06 3.41514E04 5.28974E04 5.79836E04 4.00000E19  255 255 0
1.37781E06 1.52859E05 2.50694E04 5.01167E04 4.00000E19  255 255 0
1.46390E06 2.24544E05 2.11691E04 3.91282E04 4.00000E19  255 255 0
1.58769E06 -6.82464E03 -1.01629E03 1.82401E04 4.00000E19  255 255 0
1.49116E06 -1.41056E05 -2.31047E04 3.15408E04 4.00000E19  255 255 0
1.42419E06 3.60284E04 5.35943E04 3.56453E04 4.00000E19  255 255 0
1.50506E06 6.11423E04 1.84143E04 1.74420E04 4.00000E19  255 255 0
1.50038E06 5.89619E04 1.91203E04 1.69721E04 4.00000E19  255 255 0
1.46660E06 1.12135E04 1.07121E04 -2.10934E03 4.00000E19  255 255 0
1.40679E06 -8.08523E03 -4.71191E04 1.14537E05 4.00000E19  255 255 0
1.40155E06 7.80554E04 3.56484E04 5.13299E04 4.00000E19  255 255 0
1.40884E06 -8.65065E03 -5.79860E04 1.11451E05 4.00000E19  255 255 0
1.47377E06 2.59591E04 1.79730E04 5.44287E03 4.00000E19  255 255 0
1.40441E06 3.54554E03 1.99161E04 1.25294E05 4.00000E19  255 255 0
1.62014E06 7.74232E04 7.99384E03 2.25943E04 4.00000E19  255 255 0
1.59418E06 -1.09975E05 -1.20770E04 2.41234E04 4.00000E19  255 255 0
1.23353E06 -3.48318E04 -4.38917E03 6.67330E04 4.00000E19  255 255 0
1.33734E06 1.82515E05 2.10885E04 5.27960E04 4.00000E19  255 255 0
1.35105E06 7.63463E04 2.41376E04 6.48447E04 4.00000E19  255 255 0
1.28079E06 1.19908E05 1.58259E04 6.16034E04 4.00000E19  255 255 0
1.36067E06 -1.56126E05 -2.37042E04 5.22174E04 4.00000E19  255 255 0
1.43298E06 3.56842E02 2.22847E03 -4.39595E04 4.00000E19  255 255 0
1.30176E06 -2.05122E05 -1.84519E04 5.39077E04 4.00000E19  255 255 0
1.42541E06 2.00033E05 2.30801E04 4.26221E04 4.00000E19  255 255 0
1.46280E06 -1.01811E05 -2.85043E04 3.10979E04 4.00000E19  255 255 0
1.46664E06 3.44795E04 2.49753E04 8.85180E03 4.00000E19  255 255 0
1.32501E06 -2.51701E04 -8.56637E03 7.53512E04 4.00000E19  255 255 0
1.35017E06 -1.46999E05 -2.32221E04 5.42342E04 4.00000E19  255 255 0
1.46934E06 -2.94892E04 -2.16200E04 6.45724E03 4.00000E19  255 255 0
1.31697E06 -1.66825E05 -1.99295E04 5.55496E04 4.00000E19  255 255 0
1.37665E06 -2.39791E04 -2.30726E04 8.41103E04 4.00000E19  255 255 0
1.27342E06 -1.07026E04 -1.98251E03 7.03274E04 4.00000E19  255 255 0
1.40683E06 -1.12904E05 -3.04792E04 4.66477E04 4.00000E19  255 255 0
1.33778E06 -5.50902E04 -1.85113E04 7.06518E04 4.00000E19  255 255 0
1.38042E06 3.98962E04 3.15205E04 7.38453E04 4.00000E19  255 255 0
1.37461E06 -5.06594E04 -2.99390E04 6.95932E04 4.00000E19  255 255 0
1.40213E06 -1.38991E05 -2.74073E04 4.66879E04 4.00000E19  255 255 0
1.44206E06 1.33506E04 3.17034E04 -1.14070E04 4.00000E19  255 255 0
1.33069E06 -4.56284E04 -1.50405E04 7.24714E04 4.00000E19  255 255 0
1.47466E06 -4.70464E04 -2.47034E04 1.41361E04 4.00000E19  255 255 0
1.35500E06 1.03770E05 2.51823E04 5.88918E04 4.00000E19  255 255 0
1.48845E06 -9.99635E04 -2.43171E04 2.64665E04 4.00000E19  255 255 0
1.30199E06 6.19273E04 1.32813E04 6.84557E04 4.00000E19  255 255 0
1.52655E06 1.91525E05 1.92194E04 3.25691E04 4.00000E19  255 255 0
1.42482E06 -1.25716E04 -7.96361E04 6.47206E03 4.00000E19  255 255 0
1.49064E06 1.05810E05 2.39306E04 2.71591E04 4.00000E19  255 255 0
1.46960E06 5.36358E04 2.76723E04 1.72549E04 4.00000E19  255 255 0
1.59180E06 -1.02608E05 -1.17655E04 2.35471E04 4.00000E19  255 255 0
1.34015E06 3.05601E04 1.28375E04 7.64847E04 4.00000E19  255 255 0
1.47577E06 -7.34795E04 -2.68267E04 2.26339E04 4.00000E19  255 255 0
1.58874E06 4.58217E04 6.42098E03 1.95755E04 4.00000E19  255 255 0
1.37984E06 1.62421E05 2.45694E04 4.92855E04 4.00000E19  255 255 0
1.54260E06 -1.80287E05 -1.82245E04 3.08674E04 4.00000E19  255 255 0
1.45054E06 -3.94376E04 -3.59051E04 1.46509E04 4.00000E19  255 255 0
1.40362E06 -2.46902E03 -1.31149E04 1.25077E05 4.00000E19  255 255 0
1.30461E06 -1.68123E05 -1.89405E04 5.62481E04 4.00000E19  255 255 0
1.42108E06 -9.25023E03 -1.03525E05 2.01296E04 4.00000E19  255 255 0
1.44765E06 -5.19229E04 -3.71446E04 2.28690E04 4.00000E19  255 255 0
1.50265E06 -6.12169E04 -1.89497E04 1.74678E04 4.00000E19  255 255 0
1.43625E06 1.06012E05 3.11123E04 3.82985E04 4.00000E19  255 255 0
1.34108E06 -8.94704E04 -2.26171E04 6.30582E04 4.00000E19  255 255 0
1.55505E06 4.35431E04 8.33172E03 1.73291E04 4.00000E19  255 255 0
1.63450E06 -7.74174E04 -7.29901E03 2.30440E04 4.00000E19  255 255 0
1.61494E06 -1.00075E05 -1.00177E04 2.37474E04 4.00000E19  255 255 0
1.28834E06 1.88885E05 1.77277E04 5.56245E04 4.00000E19  255 255 0
1.29203E06 -1.60659E05 -1.79106E04 5.75163E04 4.00000E19  255 255 0
1.42783E06 -6.75214E04 -3.92532E04 3.82263E04 4.00000E19  255 255 0
1.49511E06 -6.95751E04 -2.17057E04 1.96170E04 4.00000E19  255 255 0
1.40610E06 -1.02214E05 -3.19317E04 4.73910E04 4.00000E19  255 255 0
1.40311E06 -5.05921E04 -4.28012E04 5.68001E04 4.00000E19  255 255 0
1.49006E06 3.53193E04 1.63233E04 1.05213E04 4.00000E19  255 255 0
1.58587E06 1.00964E05 1.21092E04 2.33476E04 4.00000E19  255 255 0
1.40616E06 1.24552E05 2.90404E04 4.63554E04 4.00000E19  255 255 0
1.61294E06 -4.59166E04 -5.33123E03 2.08435E04 4.00000E19  255 255 0
1.46442E06 2.50161E04 2.18890E04 3.62292E03 4.00000E19  255 255 0
1.45394E06 2.59039E04 2.95022E04 3.57017E03 4.00000E19  255 255 0
1.48777E06 -1.56588E05 -2.28717E04 3.33166E04 4.00000E19  255 255 0
1.54511E06 5.71259E04 1.14566E04 1.80707E04 4.00000E19  255 255 0
1.39882E06 -6.66824E04 -3.74616E04 5.46958E04 4.00000E19  255 255 0
1.43598E06 -1.09238E04 -3.93261E04 -1.77807E04 4.00000E19  255 255 0
1.54666E06 -7.82815E04 -1.39554E04 2.06035E04 4.00000E19  255 255 0
1.33726E06 -4.85561E04 -1.71101E04 7.21658E04 4.00000E19  255 255 0
1.35407E06 -1.85901E05 -2.19783E04 5.10372E04 4.00000E19  255 255 0
1.43198E06 2.35529E05 2.12380E04 4.21911E04 4.00000E19  255 255 0
1.20064E06 -5.87830E04 -5.64717E03 6.43385E04 4.00000E19  255 255 0
1.35325E06 2.12539E05 2.09235E04 4.98341E04 4.00000E19  255 255 0
1.54117E06 -1.76773E05 -1.83329E04 3.06907E04 4.00000E19  255 255 0
1.54934E06 -4.26231E03 -9.35012E02 1.47695E04 4.00000E19  255 255 0
1.25012E06 -7.51376E04 -9.76739E03 6.53147E04 4.00000E19  255 255 0
1.37253E06 1.27546E04 1.24548E04 8.87417E04 4.00000E19  255 255 0
1.32735E06 1.00389E04 3.70474E03 7.71820E04 4.00000E19  255 255 0
1.29209E06 -6.55728E04 -1.25462E04 6.76440E04 4.00000E19  255 255 0
1.43675E06 6.54893E04 3.82778E04 3.29862E04 4.00000E19  255 255 0
1.49314E06 -3.07481E03 -1.57150E03 5.46982E03 4.00000E19  255 255 0
1.43948E06 -2.93889E04 -4.47863E04 1.21578E04 4.00000E19  255 255 0
1.40892E06 6.68960E04 3.92748E04 4.92774E04 4.00000E19  255 255 0
1.41963E06 1.63151E04 8.07864E04 4.02251E04 4.00000E19  255 255 0
1.54719E06 -1.06863E05 -1.61926E04 2.39377E04 4.00000E19  255 255 0
1.59212E06 1.23616E05 1.30160E04 2.51330E04 4.00000E19  255 255 0
1.53218E06 7.33378E03 1.98352E03 1.27504E04 4.00000E19  255 255 0
1.49346E06 -1.25183E05 -2.32635E04 2.95231E04 4.00000E19  255 255 0
1.43992E06 7.07431E04 3.64742E04 3.25775E04 4.00000E19  255 255 0
1.47326E06 4.15547E01 3.39652E01 -9.88014E02 4.00000E19  255 255 0
1.50953E06 3.78384E04 1.27180E04 1.29326E04 4.00000E19  255 255 0
1.52108E06 1.21827E05 1.98619E04 2.67193E04 4.00000E19  255 255 0
1.29160E06 3.31399E04 7.16758E03 7.09166E04 4.00000E19  255 255 0
1.24297E06 -6.94190E04 -8.71254E03 6.54539E04 4.00000E19  255 255 0
1.35909E06 -4.94807E04 -2.36002E04 7.19356E04 4.00000E19  255 255 0
1.50739E06 7.94667E04 2.00326E04 2.10782E04 4.00000E19  255 255 0
1.38364E06 3.98095E04 3.34739E04 7.30911E04 4.00000E19  255 255 0
1.50091E06 1.57524E05 2.17522E04 3.20509E04 4.00000E19  255 255 0
1.45011E06 8.27444E04 3.25218E04 3.11319E04 4.00000E19  255 255 0
1.44022E06 6.98420E04 3.65860E04 3.22476E04 4.00000E19  255 255 0
1.51498E06 7.90359E04 1.86243E04 2.07451E04 4.00000E19  255 255 0
1.58660E06 5.12027E04 7.20985E03 1.97609E04 4.00000E19  255 255 0
1.36865E06 1.71779E04 1.44613E04 8.57502E04 4.00000E19  255 255 0
1.41541E06 -7.05847E04 -3.88083E04 4.53362E04 4.00000E19  255 255 0
1.32446E06 -1.93239E05 -2.00072E04 5.31490E04 4.00000E19  255 255 0
1.47143E06 -2.32911E04 -1.75111E04 3.94496E03 4.00000E19  255 255 0
1.41403E06 -1.50967E04 -7.78249E04 6.90007E04 4.00000E19  255 255 0
1.39576E06 3.29696E04 4.20382E04 7.29982E04 4.00000E19  255 255 0
1.51956E06 -4.49831E04 -1.27095E04 1.49495E04 4.00000E19  255 255 0
1.19491E06 3.75571E04 3.58216E03 6.47352E04 4.00000E19  255 255 0
1.39500E06 2.14582E05 2.20941E04 4.58328E04 4.00000E19  255 255 0
1.41813E06 -6.98411E02 -1.93165E05 2.84599E05 4.00000E19  255 255 0
1.21677E06 1.01580E05 9.74713E03 6.27664E04 4.00000E19  255 255 0
1.36247E06 -1.08146E05 -2.62074E04 5.70615E04 4.00000E19  255 255 0
1.32986E06 -5.20828E04 -1.62199E04 7.11214E04 4.00000E19  255 255 0
1.45488E06 -1.92535E05 -2.29480E04 3.90843E04 4.00000E19  255 255 0
1.52903E06 1.57617E05 1.93203E04 2.98738E04 4.00000E19  255 255 0
1.36094E06 1.70892E05 2.30241E04 5.11833E04 4.00000E19  255 255 0
1.24178E06 3.98351E04 5.31583E03 6.70103E04 4.00000E19  255 255 0
1.35249E06 4.81823E04 2.11470E04 7.25535E04 4.00000E19  255 255 0
1.41292E06 -1.53132E05 -2.63681E04 4.44073E04 4.00000E19  255 255 0
1.41971E06 8.94520E04 3.45388E04 4.30881E04 4.00000E19  255 255 0
1.56148E06 1.70228E05 1.68135E04 2.92881E04 4.00000E19  255 255 0
1.55850E06 -3.44872E04 -6.54055E03 1.69056E04 4.00000E19  255 255 0
1.42656E06 -2.72939E04 -5.91590E04 2.69780E04 4.00000E19  255 255 0
1.52116E06 9.54218E04 1.88605E04 2.31694E04 4.00000E19  255 255 0
1.57779E06 -1.47999E05 -1.51177E04 2.71410E04 4.00000E19  255 255 0
1.54598E06 5.29908E04 1.07262E04 1.76593E04 4.00000E19  255 255 0
1.40094E06 4.18136E04 4.44371E04 6.25550E04 4.00000E19  255 255 0
1.38461E06 -2.99850E04 -3.17864E04 7.98134E04 4.00000E19  255 255 0
1.36479E06 8.73248E04 2.73756E04 6.03570E04 4.00000E19  255 255 0
0.00000E00 0.00000E00 0.00000E00 0.00000E00 1.60000E26  0 0 255
-6.01451E04 -2.14368E05 -2.10796E05 5.91430E04 4.00000E19  0 0 255
-2.90104E04 -7.13649E03 -1.42771E05 5.80375E05 4.00000E19  0 0 255
-4.55646E04 1.07433E04 1.09571E05 4.64715E05 4.00000E19  0 0 255
4.85177E03 -2.81732E03 -6.92571E05 -1.19269E06 4.00000E19  0 0 255
-7.91992E04 -9.27445E04 -2.24952E05 1.92098E05 4.00000E19  0 0 255
-1.76922E05 -2.14251E04 -2.94192E04 2.42935E05 4.00000E19  0 0 255
1.81634E05 -4.13325E04 -5.31099E04 -2.33389E05 4.00000E19  0 0 255
6.82885E04 -2.23604E05 -2.04333E05 -6.24030E04 4.00000E19  0 0 255
3.58917E04 -2.74035E04 -2.95012E05 -3.86391E05 4.00000E19  0 0 255
-4.99987E04 1.97930E05 2.21676E05 5.59971E04 4.00000E19  0 0 255
-8.02232E04 5.72331E04 1.91121E05 2.67893E05 4.00000E19  0 0 255
-5.09886E04 1.25854E04 1.08023E05 4.37646E05 4.00000E19  0 0 255
6.01919E04 -4.69191E03 -3.26733E04 -4.19161E05 4.00000E19  0 0 255
-1.77763E05 -2.02975E04 -2.77068E04 2.42652E05 4.00000E19  0 0 255
3.61447E04 -3.39062E04 -3.17484E05 -3.38444E05 4.00000E19  0 0 255
5.13963E03 -1.74088E04 -7.35390E05 -2.17110E05 4.00000E19  0 0 255
-5.10276E04 9.11969E04 2.78879E05 1.56041E05 4.00000E19  0 0 255
5.71945E04 -3.86391E04 -2.20119E05 -3.25826E05 4.00000E19  0 0 255
-4.26510E03 4.60706E03 9.56735E05 8.85721E05 4.00000E19  0 0 255
1.09614E05 1.32120E05 1.91887E05 -1.59200E05 4.00000E19  0 0 255
3.34530E04 -2.43384E04 -2.98806E05 -4.10708E05 4.00000E19  0 0 255
4.74775E04 -2.27986E05 -2.09576E05 -4.36437E04 4.00000E19  0 0 255
1.93795E05 -2.85655E04 -3.40368E04 -2.30914E05 4.00000E19  0 0 255
1.15006E05 -1.21232E05 -1.83342E05 -1.73926E05 4.00000E19  0 0 255
4.66146E04 1.76618E05 2.33707E05 -6.16819E04 4.00000E19  0 0 255
-1.46368E05 -1.79496E05 -1.66359E05 1.35655E05 4.00000E19  0 0 255
1.60242E03 -5.13998E04 -4.55329E05 -1.41951E04 4.00000E19  0 0 255
-9.51750E04 1.00923E05 2.01788E05 1.90296E05 4.00000E19  0 0 255
1.32434E05 5.65935E04 1.06969E05 -2.50317E05 4.00000E19  0 0 255
-2.09461E05 -8.67540E04 -8.30213E04 2.00449E05 4.00000E19  0 0 255
-6.33940E04 -2.40754E04 -1.40845E05 3.70864E05 4.00000E19  0 0 255
-2.20604E05 3.73186E04 3.64282E04 2.15341E05 4.00000E19  0 0 255
-1.37399E04 -1.15978E05 -3.00189E05 3.55633E04 4.00000E19  0 0 255
1.06389E04 -7.21142E04 -3.78529E05 -5.58439E04 4.00000E19  0 0 255
-8.43459E02 -3.59395E04 -5.44700E05 1.27835E04 4.00000E19  0 0 255
-6.46258E02 -2.73771E04 -6.24091E05 1.47322E04 4.00000E19  0 0 255
-1.65471E05 7.39349E04 9.89917E04 2.21550E05 4.00000E19  0 0 255
6.85218E03 -2.30038E04 -6.39048E05 -1.90354E05 4.00000E19  0 0 255
2.57996E04 -1.87286E05 -2.35368E05 -3.24232E04 4.00000E19  0 0 255
3.06475E04 8.02511E04 3.29271E05 -1.25747E05 4.00000E19  0 0 255
-1.09785E05 1.72400E05 1.92742E05 1.22739E05 4.00000E19  0 0 255
1.49526E05 -8.24184E04 -1.20687E05 -2.18953E05 4.00000E19  0 0 255
2.62445E04 -1.37588E04 -2.78646E05 -5.31510E05 4.00000E19  0 0 255
1.45118E04 1.09634E05 3.07959E05 -4.07631E04 4.00000E19  0 0 255
-8.41575E04 2.19909E04 8.85548E04 3.38893E05 4.00000E19  0 0 255
4.35070E04 -1.03760E04 -1.13317E05 -4.75144E05 4.00000E19  0 0 255
1.02737E04 -6.98157E04 -3.84741E05 -5.66164E04 4.00000E19  0 0 255
1.99455E05 5.59342E04 6.12877E04 -2.18545E05 4.00000E19  0 0 255
1.58473E05 9.17296E04 1.20942E05 -2.08940E05 4.00000E19  0 0 255
-1.13667E05 -3.65194E04 -9.14524E04 2.84648E05 4.00000E19  0 0 255
1.49736E05 1.24033E05 1.49450E05 -1.80421E05 4.00000E19  0 0 255
-1.11784E05 -1.75729E05 -1.90997E05 1.21496E05 4.00000E19  0 0 255
-2.73928E04 -1.16446E05 -2.90748E05 6.83955E04 4.00000E19  0 0 255
-9.84303E04 9.73919E04 1.95261E05 1.97343E05 4.00000E19  0 0 255
-1.66666E05 1.42498E05 1.43363E05 1.67677E05 4.00000E19  0 0 255
-5.81472E04 1.06020E05 2.60478E05 1.42861E05 4.00000E19  0 0 255
-1.66909E05 -1.34346E05 -1.39938E05 1.73856E05 4.00000E19  0 0 255
5.73505E04 1.29220E05 2.51127E05 -1.11456E05 4.00000E19  0 0 255
4.03899E04 -5.10095E03 -6.41522E04 -5.07963E05 4.00000E19  0 0 255
1.62723E04 9.83920E03 3.87626E05 -6.41066E05 4.00000E19  0 0 255
-3.88243E04 3.71219E04 3.08037E05 3.22163E05 4.00000E19  0 0 255
-1.56757E05 8.94959E04 1.20557E05 2.11161E05 4.00000E19  0 0 255
1.63840E04 -8.88221E04 -3.38037E05 -6.23539E04 4.00000E19  0 0 255
-1.26437E05 -5.07461E04 -1.04247E05 2.59739E05 4.00000E19  0 0 255
-4.11868E04 2.00207E05 2.23811E05 4.60427E04 4.00000E19  0 0 255
5.37512E04 -2.17857E05 -2.11733E05 -5.22402E04 4.00000E19  0 0 255
6.09329E04 -3.74257E04 -2.02187E05 -3.29182E05 4.00000E19  0 0 255
-6.77235E04 4.42030E04 1.98551E05 3.04201E05 4.00000E19  0 0 255
5.57256E04 5.72912E04 2.61943E05 -2.54785E05 4.00000E19  0 0 255
3.20493E04 1.40498E05 2.65317E05 -6.05222E04 4.00000E19  0 0 255
-1.00393E05 -1.00391E05 -1.93864E05 1.93868E05 4.00000E19  0 0 255
1.63367E05 -6.04158E04 -8.58569E04 -2.32161E05 4.00000E19  0 0 255
1.75509E05 -5.74432E04 -7.47769E04 -2.28469E05 4.00000E19  0 0 255
1.36002E05 -1.63346E05 -1.72200E05 -1.43374E05 4.00000E19  0 0 255
-1.63589E04 -1.27293E04 -4.40649E05 5.66293E05 4.00000E19  0 0 255
8.46704E04 -1.45683E05 -2.17584E05 -1.26459E05 4.00000E19  0 0 255
1.53706E05 -1.57913E05 -1.57695E05 -1.53494E05 4.00000E19  0 0 255
-1.29162E02 3.77198E03 1.68057E06 5.75467E04 4.00000E19  0 0 255
-1.79441E04 6.82779E04 3.76035E05 9.88260E04 4.00000E19  0 0 255
1.11663E05 -4.47102E04 -1.10721E05 -2.76525E05 4.00000E19  0 0 255
7.42984E04 -1.97162E05 -2.10601E05 -7.93626E04 4.00000E19  0 0 255
-7.35509E03 -2.30476E04 -6.32733E05 2.01922E05 4.00000E19  0 0 255
1.76268E05 -6.78146E04 -8.53546E04 -2.21859E05 4.00000E19  0 0 255
-1.11744E05 -1.79534E05 -1.90721E05 1.18707E05 4.00000E19  0 0 255
2.72383E04 -1.88490E04 -3.22994E05 -4.66751E05 4.00000E19  0 0 255
-5.78044E04 1.84081E04 1.27271E05 3.99650E05 4.00000E19  0 0 255
-2.01721E05 -1.45590E04 -1.65363E04 2.29116E05 4.00000E19  0 0 255
-1.16709E05 1.03167E05 1.73354E05 1.96110E05 4.00000E19  0 0 255
1.19382E05 -6.87348E04 -1.38879E05 -2.41212E05 4.00000E19  0 0 255
-8.49537E04 7.67291E04 2.04653E05 2.26590E05 4.00000E19  0 0 255
-6.36984E04 -5.17912E04 -2.27453E05 2.79747E05 4.00000E19  0 0 255
4.61257E04 -4.98619E04 -2.90970E05 -2.69167E05 4.00000E19  0 0 255
1.12378E05 -8.86311E04 -1.69100E05 -2.14407E05 4.00000E19  0 0 255
1.03170E05 1.12923E05 1.95009E05 -1.78167E05 4.00000E19  0 0 255
9.18128E03 4.67140E03 4.61560E05 -9.07162E05 4.00000E19  0 0 255
-1.36334E03 -2.95518E03 -1.64430E06 7.58576E05 4.00000E19  0 0 255
5.41667E04 -8.28382E04 -2.74828E05 -1.79706E05 4.00000E19  0 0 255
1.46638E05 -9.09823E04 -1.31109E05 -2.11310E05 4.00000E19  0 0 255
1.46744E05 -2.57692E04 -4.62904E04 -2.63603E05 4.00000E19  0 0 255
1.61996E05 2.48346E04 3.86684E04 -2.52234E05 4.00000E19  0 0 255
-1.12552E04 4.01717E04 4.87022E05 1.36452E05 4.00000E19  0 0 255
-2.34214E05 9.37481E03 8.53383E03 2.13204E05 4.00000E19  0 0 255
2.62271E04 1.84835E03 4.47886E04 -6.35527E05 4.00000E19  0 0 255
-4.10827E04 -1.32817E04 -1.52936E05 4.73058E05 4.00000E19  0 0 255
1.29571E05 -7.42348E04 -1.32896E05 -2.31958E05 4.00000E19  0 0 255
1.73126E05 8.33637E04 1.02243E05 -2.12334E05 4.00000E19  0 0 255
-3.13123E04 -1.06506E05 -2.97463E05 8.74527E04 4.00000E19  0 0 255
4.18151E04 3.09739E03 3.72681E04 -5.03123E05 4.00000E19  0 0 255
-6.30933E04 -4.52753E04 -2.16129E05 3.01186E05 4.00000E19  0 0 255
7.34715E04 -1.12291E04 -5.72491E04 -3.74578E05 4.00000E19  0 0 255
3.56890E04 -1.63341E05 -2.46823E05 -5.39293E04 4.00000E19  0 0 255
9.77767E04 -1.29504E05 -2.04667E05 -1.54526E05 4.00000E19  0 0 255
-8.76413E04 -1.08726E05 -2.15224E05 1.73486E05 4.00000E19  0 0 255
-1.27149E04 2.47178E03 1.73214E05 8.91013E05 4.00000E19  0 0 255
-7.87049E04 -1.32583E05 -2.26231E05 1.34297E05 4.00000E19  0 0 255
1.25588E05 6.29094E04 1.23450E05 -2.46449E05 4.00000E19  0 0 255
1.89710E05 5.93595E02 7.42121E02 -2.37178E05 4.00000E19  0 0 255
7.53869E04 4.78693E04 1.85309E05 -2.91833E05 4.00000E19  0 0 255
3.68493E04 -2.80149E03 -4.07371E04 -5.35835E05 4.00000E19  0 0 255
2.34832E05 -2.60130E04 -2.33994E04 -2.11238E05 4.00000E19  0 0 255
-4.56726E04 -1.69387E05 -2.38135E05 6.42092E04 4.00000E19  0 0 255
-5.74829E03 5.28266E04 4.45515E05 4.84784E04 4.00000E19  0 0 255
-1.30140E05 -2.98976E04 -6.32978E04 2.75527E05 4.00000E19  0 0 255
-3.05598E04 -5.55853E04 -3.59434E05 1.97611E05 4.00000E19  0 0 255
1.92623E05 -1.24242E05 -1.16957E05 -1.81328E05 4.00000E19  0 0 255
4.59386E04 1.04097E05 2.80186E05 -1.23648E05 4.00000E19  0 0 255
1.32228E05 3.94469E04 7.95027E04 -2.66496E05 4.00000E19  0 0 255
-4.35434E01 1.02844E02 9.00172E06 3.81125E06 4.00000E19  0 0 255
7.10001E04 1.00668E05 2.40529E05 -1.69642E05 4.00000E19  0 0 255
3.13769E04 2.43890E04 3.18025E05 -4.09146E05 4.00000E19  0 0 255
-4.97296E04 -2.13972E05 -2.14689E05 4.98963E04 4.00000E19  0 0 255
-4.67991E04 -6.56273E04 -2.96257E05 2.11262E05 4.00000E19  0 0 255
6.39862E04 -7.52374E04 -2.50403E05 -2.12957E05 4.00000E19  0 0 255
-7.07274E03 -9.58265E03 -7.61614E05 5.62130E05 4.00000E19  0 0 255
-7.82597E04 4.51962E04 1.71857E05 2.97580E05 4.00000E19  0 0 255
1.15773E04 7.85610E04 3.62678E05 -5.34467E04 4.00000E19  0 0 255
1.11440E05 1.34310E05 1.90307E05 -1.57902E05 4.00000E19  0 0 255
-2.26390E04 -1.10108E05 -3.01805E05 6.20533E04 4.00000E19  0 0 255
2.96804E04 -9.75260E03 -1.82450E05 -5.55255E05 4.00000E19  0 0 255
-1.22005E03 6.42495E04 4.07446E05 7.73713E03 4.00000E19  0 0 255
-2.29877E04 5.73938E04 3.85681E05 1.54476E05 4.00000E19  0 0 255
1.09163E05 5.04668E04 1.25004E05 -2.70392E05 4.00000E19  0 0 255
3.80931E04 -1.20169E05 -2.77357E05 -8.79210E04 4.00000E19  0 0 255
1.55957E04 4.15749E04 4.59012E05 -1.72186E05 4.00000E19  0 0 255
1.57765E05 -1.55243E05 -1.54011E05 -1.56513E05 4.00000E19  0 0 255
-9.47723E03 -1.61457E05 -2.56433E05 1.50521E04 4.00000E19  0 0 255
1.70418E03 1.55368E05 2.62062E05 -2.87446E03 4.00000E19  0 0 255
-8.12640E02 5.81851E02 1.90231E06 2.65686E06 4.00000E19  0 0 255
2.99864E04 -1.56130E05 -2.54437E05 -4.88673E04 4.00000E19  0 0 255
8.24145E04 -2.04851E05 -2.03957E05 -8.20552E04 4.00000E19  0 0 255
3.60250E04 -5.26124E04 -3.37556E05 -2.31133E05 4.00000E19  0 0 255
-2.04511E05 9.77796E04 9.35920E04 1.95753E05 4.00000E19  0 0 255
3.11019E04 4.19711E04 3.63147E05 -2.69103E05 4.00000E19  0 0 255
3.09076E04 1.17877E05 2.86254E05 -7.50564E04 4.00000E19  0 0 255
-2.54154E04 -3.09654E03 -7.80824E04 6.40877E05 4.00000E19  0 0 255
3.57902E04 -5.83129E04 -3.36597E05 -2.06590E05 4.00000E19  0 0 255
2.72710E04 -1.60229E04 -2.94254E05 -5.00818E05 4.00000E19  0 0 255
-2.48200E02 -9.02764E01 -2.17282E06 5.97382E06 4.00000E19  0 0 255
1.01027E05 -9.66738E04 -1.91000E05 -1.99601E05 4.00000E19  0 0 255
-6.33013E04 -5.73328E04 -2.37300E05 2.62003E05 4.00000E19  0 0 255
1.54994E04 -5.87012E02 -3.13927E04 -8.28892E05 4.00000E19  0 0 255
2.21725E03 1.53182E05 2.63907E05 -3.81994E03 4.00000E19  0 0 255
-7.92291E04 9.31068E03 4.26884E04 3.63256E05 4.00000E19  0 0 255
-1.46983E05 -5.91528E04 -9.68958E04 2.40766E05 4.00000E19  0 0 255
1.76789E05 -1.26326E05 -1.28847E05 -1.80316E05 4.00000E19  0 0 255
-2.19199E04 1.66757E05 2.49747E05 3.28288E04 4.00000E19  0 0 255
2.28492E04 1.84096E04 3.78369E05 -4.69615E05 4.00000E19  0 0 255
3.62098E04 9.29519E04 3.04772E05 -1.18725E05 4.00000E19  0 0 255
1.38370E05 -2.62469E02 -5.26788E02 -2.77716E05 4.00000E19  0 0 255
-1.18081E05 3.75880E04 8.90155E04 2.79637E05 4.00000E19  0 0 255
-1.69392E04 3.49909E04 4.71590E05 2.28299E05 4.00000E19  0 0 255
1.28392E05 7.35661E04 1.33512E05 -2.33013E05 4.00000E19  0 0 255
5.70286E03 -6.80983E04 -3.93802E05 -3.29788E04 4.00000E19  0 0 255
6.66990E04 6.76323E04 2.38654E05 -2.35360E05 4.00000E19  0 0 255
1.21231E05 -1.54253E05 -1.83374E05 -1.44117E05 4.00000E19  0 0 255
-7.96416E04 -1.95315E05 -2.08284E05 8.49298E04 4.00000E19  0 0 255
-2.37138E04 -1.84234E05 -2.37731E05 3.05996E04 4.00000E19  0 0 255
-1.57975E05 4.41851E04 6.87039E04 2.45638E05 4.00000E19  0 0 255
-3.63421E04 -2.96764E04 -3.01651E05 3.69405E05 4.00000E19  0 0 255
8.92571E04 1.25291E03 4.85305E03 -3.45730E05 4.00000E19  0 0 255
2.07311E05 6.39081E04 6.53392E04 -2.11954E05 4.00000E19  0 0 255
7.45660E04 -1.05385E05 -2.34707E05 -1.66070E05 4.00000E19  0 0 255
-3.05131E03 1.40237E04 8.42607E05 1.83336E05 4.00000E19  0 0 255
-6.38956E04 -1.18746E05 -2.47735E05 1.33303E05 4.00000E19  0 0 255
1.30865E04 -6.61012E04 -3.90387E05 -7.72877E04 4.00000E19  0 0 255
1.15131E04 4.38095E04 4.69446E05 -1.23371E05 4.00000E19  0 0 255
5.82731E04 -1.50597E04 -1.05361E05 -4.07690E05 4.00000E19  0 0 255
-1.59255E05 1.23554E05 1.41047E05 1.81802E05 4.00000E19  0 0 255
-5.65483E03 5.38817E03 8.06337E05 8.46242E05 4.00000E19  0 0 255
1.96456E05 2.15650E04 2.53556E04 -2.30988E05 4.00000E19  0 0 255
7.83568E04 7.74109E04 2.18761E05 -2.21434E05 4.00000E19  0 0 255
-2.02553E03 -8.13274E03 -1.09497E06 2.72712E05 4.00000E19  0 0 255
1.84018E03 -3.48519E02 -4.44202E05 -2.34538E06 4.00000E19  0 0 255
-9.18119E04 5.42013E04 1.60839E05 2.72447E05 4.00000E19  0 0 255
1.98953E05 -5.17230E04 -5.73294E04 -2.20518E05 4.00000E19  0 0 255
-7.23651E04 -9.21522E03 -4.83165E04 3.79419E05 4.00000E19  0 0 255
-1.49470E05 1.11883E05 1.43268E05 1.91399E05 4.00000E19  0 0 255
4.18795E03 -1.09612E04 -8.90866E05 -3.40375E05 4.00000E19  0 0 255
4.85057E04 -2.94078E04 -2.24871E05 -3.70907E05 4.00000E19  0 0 255
6.35387E04 -2.51644E04 -1.45510E05 -3.67405E05 4.00000E19  0 0 255
5.05361E04 6.59761E04 2.84482E05 -2.17906E05 4.00000E19  0 0 255
-2.17604E04 -5.52333E04 -3.94481E05 1.55414E05 4.00000E19  0 0 255
5.08803E04 -8.34428E04 -2.82136E05 -1.72036E05 4.00000E19  0 0 255
-1.57204E04 2.38152E04 5.10377E05 3.36899E05 4.00000E19  0 0 255
-7.41318E04 -3.90255E04 -1.66260E05 3.15823E05 4.00000E19  0 0 255
-2.43895E04 -4.22625E04 -4.05054E05 2.33755E05 4.00000E19  0 0 255
5.36965E03 5.27356E04 4.46387E05 -4.54520E04 4.00000E19  0 0 255
-9.18180E04 -1.67410E05 -2.07287E05 1.13689E05 4.00000E19  0 0 255
5.12305E04 5.70360E04 2.77567E05 -2.49314E05 4.00000E19  0 0 255
3.80878E04 -2.86922E04 -2.84645E05 -3.77857E05 4.00000E19  0 0 255
-5.59850E04 4.43529E04 2.40033E05 3.02985E05 4.00000E19  0 0 255
-3.72826E04 3.80708E04 3.19741E05 3.13121E05 4.00000E19  0 0 255
-4.56368E04 2.61695E04 2.24050E05 3.90720E05 4.00000E19  0 0 255
-1.08902E05 4.78610E04 1.20512E05 2.74210E05 4.00000E19  0 0 255
-8.01284E04 2.30136E04 9.87667E04 3.43884E05 4.00000E19  0 0 255
-1.05267E05 -5.66107E04 -1.41528E05 2.63169E05 4.00000E19  0 0 255
-1.29738E04 3.52114E04 5.00400E05 1.84374E05 4.00000E19  0 0 255
2.78325E04 5.50042E04 3.71254E05 -1.87857E05 4.00000E19  0 0 255
-7.74577E04 -1.73581E05 -2.16383E05 9.65578E04 4.00000E19  0 0 255
-7.55884E04 1.54184E05 2.23845E05 1.09740E05 4.00000E19  0 0 255
-5.92183E04 -7.17098E03 -5.08483E04 4.19907E05 4.00000E19  0 0 255
-1.06828E05 6.95599E04 1.57880E05 2.42467E05 4.00000E19  0 0 255
-2.22374E05 2.48406E04 2.42449E04 2.17041E05 4.00000E19  0 0 255
2.49250E04 -6.76382E03 -1.68352E05 -6.20385E05 4.00000E19  0 0 255
-4.79736E04 2.06286E05 2.18641E05 5.08471E04 4.00000E19  0 0 255
9.80005E04 1.58608E05 2.03532E05 -1.25758E05 4.00000E19  0 0 255
2.13553E05 -6.60600E04 -6.45709E04 -2.08739E05 4.00000E19  0 0 255
3.37075E04 1.69339E04 2.38775E05 -4.75287E05 4.00000E19  0 0 255
2.11851E05 5.27601E04 5.34298E04 -2.14540E05 4.00000E19  0 0 255
4.43242E04 -6.27729E04 -3.04422E05 -2.14954E05 4.00000E19  0 0 255
8.40558E04 1.90803E03 8.08514E03 -3.56181E05 4.00000E19  0 0 255
-1.01523E05 -2.22315E04 -6.85468E04 3.13028E05 4.00000E19  0 0 255
-1.66113E04 1.02882E05 3.15915E05 5.10078E04 4.00000E19  0 0 255
1.23748E05 -8.55355E04 -1.51446E05 -2.19103E05 4.00000E19  0 0 255
-1.68296E03 3.20522E03 1.52014E06 7.98176E05 4.00000E19  0 0 255
-2.14568E05 3.73046E04 3.79175E04 2.18093E05 4.00000E19  0 0 255
7.45365E04 8.34030E03 4.19467E04 -3.74874E05 4.00000E19  0 0 255
-1.19008E05 6.63850E04 1.36328E05 2.44395E05 4.00000E19  0 0 255
-8.95453E02 -1.06507E05 -3.16527E05 2.66120E03 4.00000E19  0 0 255
-1.47834E04 1.98607E04 5.26653E05 3.92016E05 4.00000E19  0 0 255
-1.40304E05 -1.11991E04 -2.19095E04 2.74485E05 4.00000E19  0 0 255
1.77008E05 -4.32548E04 -5.74480E04 -2.35090E05 4.00000E19  0 0 255
2.13372E03 -3.92276E04 -5.20433E05 -2.83081E04 4.00000E19  0 0 255
-7.45836E04 3.59744E04 1.55963E05 3.23349E05 4.00000E19  0 0 255
6.32464E04 4.25036E04 2.08739E05 -3.10609E05 4.00000E19  0 0 255
1.63571E05 9.15181E04 1.16509E05 -2.08238E05 4.00000E19  0 0 255
3.30963E03 1.08019E05 3.14100E05 -9.62384E03 4.00000E19  0 0 255
4.29270E03 2.44513E04 6.45779E05 -1.13374E05 4.00000E19  0 0 255
-8.56884E04 1.00256E05 2.16241E05 1.84820E05 4.00000E19  0 0 255
5.99278E04 2.12246E05 2.11699E05 -5.97735E04 4.00000E19  0 0 255
