802
2.83800E06
-4.73000E05 4.73000E05 0.00000E00 -1.63000E04 1.60000E24  255 255 0
-5.43613E05 5.58048E05 2.39057E04 3.54823E03 1.00000E19  255 255 0
-5.77954E05 2.50025E05 -1.88282E04 -7.43758E03 1.00000E19  255 255 0
-9.11518E04 7.24507E05 8.40358E03 -2.90586E04 1.00000E19  255 255 0
-3.89917E04 3.63627E05 -3.77339E03 -3.12733E04 1.00000E19  255 255 0
-6.84964E05 6.05124E05 1.09343E04 1.24172E03 1.00000E19  255 255 0
-5.32951E05 6.44834E05 2.28641E04 -8.32292E03 1.00000E19  255 255 0
-4.90773E05 4.85166E05 3.97619E04 4.17861E04 1.00000E19  255 255 0
-4.04783E05 5.20970E05 2.05774E04 -4.55621E04 1.00000E19  255 255 0
-4.30460E05 8.48149E05 1.67055E04 -1.81943E04 1.00000E19  255 255 0
-4.07074E05 4.01528E05 -2.43517E04 -3.87621E04 1.00000E19  255 255 0
-6.19214E05 4.44526E05 -5.11634E03 9.97271E03 1.00000E19  255 255 0
-4.92901E05 3.17163E05 -2.58534E04 -1.29984E04 1.00000E19  255 255 0
-8.79352E05 4.39915E05 -1.31296E03 -1.74260E02 1.00000E19  255 255 0
-6.33227E05 8.55264E05 1.47986E04 -1.00971E04 1.00000E19  255 255 0
-6.21630E05 2.27364E05 -1.64953E04 -6.31903E03 1.00000E19  255 255 0
-4.57543E05 6.20309E05 2.66957E04 -1.91012E04 1.00000E19  255 255 0
-1.43215E05 5.21718E05 2.61479E03 -3.40001E04 1.00000E19  255 255 0
-6.29591E05 5.44816E05 1.03757E04 6.32352E03 1.00000E19  255 255 0
-3.23383E05 6.77687E04 -1.47450E04 -2.17441E04 1.00000E19  255 255 0
-3.77825E05 7.49135E05 1.80717E04 -2.25287E04 1.00000E19  255 255 0
-5.29654E05 4.77654E05 3.54731E03 2.68834E04 1.00000E19  255 255 0
-5.13811E05 7.80623E05 1.83836E04 -1.38611E04 1.00000E19  255 255 0
-6.18369E05 4.07631E05 -1.06122E04 7.29945E03 1.00000E19  255 255 0
-4.06154E05 6.65029E05 2.16363E04 -2.38317E04 1.00000E19  255 255 0
-3.41999E05 4.19655E05 -1.03593E04 -4.17397E04 1.00000E19  255 255 0
-3.46914E05 4.77851E05 1.11815E03 -4.53608E04 1.00000E19  255 255 0
-2.14441E05 7.50256E05 1.22704E04 -2.77429E04 1.00000E19  255 255 0
-6.58357E05 6.08840E05 1.27384E04 1.08189E03 1.00000E19  255 255 0
-4.56851E05 3.34533E05 -2.74820E04 -1.95052E04 1.00000E19  255 255 0
-4.64043E05 4.50973E05 -6.20581E04 -4.15355E04 1.00000E19  255 255 0
-4.70874E05 5.03986E05 5.84800E04 -2.03130E04 1.00000E19  255 255 0
-4.51160E05 5.01670E05 4.32865E04 -4.92744E04 1.00000E19  255 255 0
-2.54432E05 3.41705E05 -1.05350E04 -3.38377E04 1.00000E19  255 255 0
-6.15257E05 4.71897E05 -2.12288E02 1.10884E04 1.00000E19  255 255 0
-5.21784E05 8.70609E05 1.62005E04 -1.43123E04 1.00000E19  255 255 0
-1.57470E05 2.60242E05 -9.36216E03 -3.01845E04 1.00000E19  255 255 0
-1.52695E05 2.41795E05 -9.61991E03 -2.96271E04 1.00000E19  255 255 0
-2.98967E05 4.23665E05 -6.62445E03 -3.96685E04 1.00000E19  255 255 0
-4.78709E05 4.24662E05 -4.65015E04 -1.08084E04 1.00000E19  255 255 0
-4.42543E05 9.26755E05 1.52844E04 -1.73259E04 1.00000E19  255 255 0
-5.53767E05 2.49164E05 -1.99201E04 -9.11219E03 1.00000E19  255 255 0
-6.12825E05 3.62944E05 -1.51467E04 2.94375E03 1.00000E19  255 255 0
-4.18476E05 1.11746E05 -1.68997E04 -1.88507E04 1.00000E19  255 255 0
-5.94643E05 2.01870E05 -1.72902E04 -8.54278E03 1.00000E19  255 255 0
-7.28970E05 3.46435E05 -8.56863E03 1.02954E03 1.00000E19  255 255 0
-7.00402E05 4.86470E05 1.27984E03 5.30650E03 1.00000E19  255 255 0
-7.17340E05 4.25458E05 -3.95462E03 4.02460E03 1.00000E19  255 255 0
-6.56312E05 1.02432E05 -1.44009E04 -9.17621E03 1.00000E19  255 255 0
-6.64681E05 5.19250E05 5.45676E03 6.31525E03 1.00000E19  255 255 0
-5.13288E05 4.07706E05 -3.17401E04 3.28433E03 1.00000E19  255 255 0
-5.89820E05 5.75994E05 1.73117E04 3.33555E03 1.00000E19  255 255 0
-1.77032E05 3.75061E05 -5.81254E03 -3.38652E04 1.00000E19  255 255 0
-7.49198E05 5.37602E05 4.41760E03 2.58702E03 1.00000E19  255 255 0
-3.48866E05 4.38056E05 -7.79507E03 -4.39909E04 1.00000E19  255 255 0
-8.80458E05 5.01464E05 1.12643E03 -1.75145E02 1.00000E19  255 255 0
-3.27760E05 4.63652E05 -1.73923E03 -4.33230E04 1.00000E19  255 255 0
-8.03505E05 4.50614E05 -1.21297E03 1.60782E03 1.00000E19  255 255 0
-7.20588E05 6.59894E05 1.11747E04 -1.49621E03 1.00000E19  255 255 0
-4.32522E05 5.08966E05 2.94877E04 -4.94870E04 1.00000E19  255 255 0
-7.85831E05 4.44202E05 -1.68957E03 2.05352E03 1.00000E19  255 255 0
-7.95120E05 7.88783E05 1.07676E04 -5.31628E03 1.00000E19  255 255 0
-4.61809E05 2.45371E04 -1.54190E04 -1.66848E04 1.00000E19  255 255 0
-6.08009E05 1.86392E05 -1.66036E04 -8.47875E03 1.00000E19  255 255 0
-3.43675E05 5.25281E05 1.03667E04 -4.19435E04 1.00000E19  255 255 0
-7.22957E05 5.09245E05 2.94982E03 4.04287E03 1.00000E19  255 255 0
-2.00678E05 5.15883E05 3.06057E03 -3.57358E04 1.00000E19  255 255 0
-7.24667E05 4.62060E05 -8.93861E02 4.26341E03 1.00000E19  255 255 0
-3.46548E05 5.79830E05 1.63859E04 -3.56956E04 1.00000E19  255 255 0
-3.46988E05 7.74561E05 1.66730E04 -2.32671E04 1.00000E19  255 255 0
-4.04822E05 3.91776E05 -2.42980E04 -3.66955E04 1.00000E19  255 255 0
-5.71414E05 2.58459E05 -1.93270E04 -7.43435E03 1.00000E19  255 255 0
-8.14666E05 7.62987E05 9.98581E03 -4.53461E03 1.00000E19  255 255 0
-6.26424E05 3.29143E05 -1.54077E04 1.32416E02 1.00000E19  255 255 0
-4.56039E05 5.32334E05 3.99842E04 -2.77297E04 1.00000E19  255 255 0
-6.49144E05 4.01503E05 -8.91114E03 5.65395E03 1.00000E19  255 255 0
-4.51722E05 5.62163E05 3.31886E04 -2.42201E04 1.00000E19  255 255 0
-1.57037E05 6.49145E05 8.36349E03 -3.13022E04 1.00000E19  255 255 0
-5.15717E05 4.02702E05 -3.07815E04 2.40468E03 1.00000E19  255 255 0
-3.95950E05 1.16961E05 -1.67288E04 -1.99203E04 1.00000E19  255 255 0
-3.88801E05 5.19837E05 1.61785E04 -4.53842E04 1.00000E19  255 255 0
-5.87513E05 3.15912E05 -1.89336E04 -2.49782E03 1.00000E19  255 255 0
-6.40755E05 6.47912E05 1.51448E04 -1.77487E03 1.00000E19  255 255 0
-2.74668E05 2.04560E05 -1.43820E04 -2.69259E04 1.00000E19  255 255 0
-2.93462E05 1.76809E05 -1.50110E04 -2.53990E04 1.00000E19  255 255 0
-8.02372E05 2.35213E05 -9.48728E03 -3.15864E03 1.00000E19  255 255 0
-5.28991E05 5.15452E05 2.35457E04 1.47553E04 1.00000E19  255 255 0
-4.82383E05 4.63795E05 -6.31024E04 4.80216E04 1.00000E19  255 255 0
-3.65318E05 5.52754E05 1.67964E04 -3.89781E04 1.00000E19  255 255 0
-8.32696E05 1.74433E05 -9.65030E03 -4.67388E03 1.00000E19  255 255 0
-1.20907E05 2.64179E05 -8.23643E03 -3.01874E04 1.00000E19  255 255 0
-6.25809E05 9.14145E05 1.42864E04 -1.13513E04 1.00000E19  255 255 0
-2.61297E05 1.55509E05 -1.39137E04 -2.55776E04 1.00000E19  255 255 0
-2.56903E05 4.49358E05 -2.40964E03 -3.83254E04 1.00000E19  255 255 0
-5.07169E05 3.46725E05 -2.75707E04 -8.83955E03 1.00000E19  255 255 0
-4.75129E05 4.26996E05 -4.80870E04 -1.40749E04 1.00000E19  255 255 0
-4.62198E05 6.37513E05 2.53876E04 -1.79669E04 1.00000E19  255 255 0
-6.38392E05 8.92333E05 1.43136E04 -1.06545E04 1.00000E19  255 255 0
-5.06917E05 1.12990E04 -1.51422E04 -1.51876E04 1.00000E19  255 255 0
-2.41935E05 8.24616E05 1.33096E04 -2.50465E04 1.00000E19  255 255 0
-4.47182E05 5.96198E05 2.84985E04 -2.22723E04 1.00000E19  255 255 0
-6.01701E05 7.76956E05 1.65578E04 -9.28908E03 1.00000E19  255 255 0
-4.63434E05 4.53310E05 -6.28022E04 -4.68113E04 1.00000E19  255 255 0
-7.40284E05 3.36148E05 -8.59171E03 4.80400E02 1.00000E19  255 255 0
-6.64759E05 8.38735E05 1.42374E04 -8.83516E03 1.00000E19  255 255 0
-3.20670E05 4.19166E04 -1.44051E04 -2.13903E04 1.00000E19  255 255 0
-5.52343E05 3.25338E05 -2.22264E04 -4.35714E03 1.00000E19  255 255 0
-6.00294E05 3.73841E05 -1.58041E04 3.98837E03 1.00000E19  255 255 0
-3.20457E05 2.19196E05 -1.62714E04 -2.60795E04 1.00000E19  255 255 0
-2.60581E05 4.25689E05 -4.81427E03 -3.79151E04 1.00000E19  255 255 0
-3.68881E05 2.76388E05 -1.93553E04 -2.65498E04 1.00000E19  255 255 0
-6.42750E05 6.83063E05 1.54611E04 -3.80598E03 1.00000E19  255 255 0
-4.35194E05 5.68559E05 2.99654E04 -2.81553E04 1.00000E19  255 255 0
-7.97447E05 6.26904E05 7.38841E03 -7.24406E02 1.00000E19  255 255 0
-4.72295E05 5.20599E05 4.73425E04 -1.70013E04 1.00000E19  255 255 0
-8.12101E05 2.28778E05 -9.33923E03 -3.33251E03 1.00000E19  255 255 0
-4.64130E05 5.60439E05 3.46686E04 -1.98167E04 1.00000E19  255 255 0
-4.01886E05 3.67362E05 -2.40146E04 -3.24662E04 1.00000E19  255 255 0
-6.13645E05 4.02839E05 -1.16318E04 7.01728E03 1.00000E19  255 255 0
-9.13189E05 5.63508E05 3.10359E03 -1.20559E03 1.00000E19  255 255 0
-2.37862E05 1.11844E05 -1.31877E04 -2.48861E04 1.00000E19  255 255 0
-3.53468E05 3.70810E05 -1.69279E04 -3.61007E04 1.00000E19  255 255 0
-5.14758E05 5.34301E05 3.13492E04 5.05504E03 1.00000E19  255 255 0
-6.38962E05 7.29198E05 1.56929E04 -6.13432E03 1.00000E19  255 255 0
-4.45682E05 4.33301E05 -3.87676E04 -4.29765E04 1.00000E19  255 255 0
-2.81283E05 3.98503E05 -8.25025E03 -3.75319E04 1.00000E19  255 255 0
-4.75991E05 4.66607E05 -1.11372E05 3.58128E04 1.00000E19  255 255 0
-6.00902E05 1.86476E05 -1.68405E04 -8.78251E03 1.00000E19  255 255 0
-5.30480E05 5.09269E05 2.11458E04 1.72120E04 1.00000E19  255 255 0
-2.39301E05 2.50405E05 -1.25416E04 -2.94672E04 1.00000E19  255 255 0
-4.14341E05 6.27983E05 2.37341E04 -2.52831E04 1.00000E19  255 255 0
-2.67372E05 4.00833E05 -7.32831E03 -3.71808E04 1.00000E19  255 255 0
-4.61513E05 9.07337E05 1.56669E04 -1.67143E04 1.00000E19  255 255 0
-6.81911E05 6.28683E04 -1.35682E04 -9.38869E03 1.00000E19  255 255 0
-3.71034E05 6.38518E05 1.99484E04 -2.85890E04 1.00000E19  255 255 0
-2.80065E05 2.80175E05 -1.39824E04 -3.02904E04 1.00000E19  255 255 0
-6.31767E05 8.98376E05 1.43634E04 -1.09390E04 1.00000E19  255 255 0
-4.08767E05 2.25327E05 -1.97688E04 -2.14270E04 1.00000E19  255 255 0
-4.38666E05 8.43130E05 1.68715E04 -1.78650E04 1.00000E19  255 255 0
-4.17436E05 1.79555E05 -1.85731E04 -1.98168E04 1.00000E19  255 255 0
-4.54990E05 4.53719E05 -4.64768E04 -5.97132E04 1.00000E19  255 255 0
-8.34774E05 3.68677E05 -4.66475E03 -1.23423E02 1.00000E19  255 255 0
-3.72914E05 6.42285E05 2.00527E04 -2.81556E04 1.00000E19  255 255 0
-6.64168E05 2.94458E05 -1.37869E04 -1.53822E03 1.00000E19  255 255 0
-2.59720E05 7.03703E05 1.35331E04 -2.88111E04 1.00000E19  255 255 0
-1.99421E05 3.45204E05 -7.95653E03 -3.33330E04 1.00000E19  255 255 0
-4.94250E05 4.96084E05 4.29086E04 2.31990E04 1.00000E19  255 255 0
-8.35174E04 4.09813E05 -2.63363E03 -3.25337E04 1.00000E19  255 255 0
-5.21376E05 1.19821E05 -1.71424E04 -1.39520E04 1.00000E19  255 255 0
-7.54320E05 3.26629E05 -8.46723E03 -2.62823E01 1.00000E19  255 255 0
-5.69718E05 6.89628E05 1.93669E04 -7.65325E03 1.00000E19  255 255 0
-4.44353E05 8.83176E05 1.60714E04 -1.74224E04 1.00000E19  255 255 0
-2.93553E05 7.06392E04 -1.42143E04 -2.26394E04 1.00000E19  255 255 0
-2.83497E05 4.79985E04 -1.38313E04 -2.24672E04 1.00000E19  255 255 0
-7.97131E04 5.47023E05 3.02057E03 -3.23483E04 1.00000E19  255 255 0
-7.05581E05 2.56021E05 -1.24951E04 -2.90642E03 1.00000E19  255 255 0
-8.30065E05 1.81572E05 -9.62163E03 -4.51133E03 1.00000E19  255 255 0
-2.84563E05 5.68308E05 1.01463E04 -3.63607E04 1.00000E19  255 255 0
-3.22336E05 8.58209E05 1.49592E04 -2.21509E04 1.00000E19  255 255 0
-4.46223E05 2.24760E05 -2.05551E04 -1.85172E04 1.00000E19  255 255 0
-5.31616E05 4.68491E05 -3.26808E03 2.61809E04 1.00000E19  255 255 0
-1.59207E05 5.01179E05 1.64615E03 -3.46310E04 1.00000E19  255 255 0
-5.29142E05 3.87623E05 -2.70023E04 1.45631E03 1.00000E19  255 255 0
-3.50514E05 5.99627E05 1.76904E04 -3.34119E04 1.00000E19  255 255 0
-5.02912E05 8.31773E05 1.71576E04 -1.48695E04 1.00000E19  255 255 0
-4.60810E05 4.96111E05 5.65280E04 -4.61155E04 1.00000E19  255 255 0
-7.21341E05 7.01186E05 1.20357E04 -3.20122E03 1.00000E19  255 255 0
-7.21400E05 8.54500E05 1.28308E04 -7.94567E03 1.00000E19  255 255 0
-5.17076E05 3.28916E05 -2.54494E04 -8.51493E03 1.00000E19  255 255 0
-1.57760E05 5.20860E05 2.74607E03 -3.43876E04 1.00000E19  255 255 0
-2.74487E05 4.88217E05 1.76957E03 -3.93845E04 1.00000E19  255 255 0
-4.82890E05 5.30784E05 4.20546E04 -9.10238E03 1.00000E19  255 255 0
-2.47948E05 6.06834E05 1.03190E04 -3.36521E04 1.00000E19  255 255 0
-6.18109E05 1.35479E05 -1.56577E04 -9.56833E03 1.00000E19  255 255 0
-6.24641E05 3.05341E04 -1.42893E04 -1.14028E04 1.00000E19  255 255 0
-7.72185E05 4.31292E05 -2.59516E03 2.31587E03 1.00000E19  255 255 0
-2.43452E05 5.79115E05 8.61999E03 -3.49467E04 1.00000E19  255 255 0
-4.92128E05 3.62794E05 -3.04336E04 -1.10178E04 1.00000E19  255 255 0
-3.49679E05 3.24273E05 -1.80920E04 -3.13016E04 1.00000E19  255 255 0
-7.14245E05 5.88534E05 8.62757E03 1.71510E03 1.00000E19  255 255 0
-3.94604E05 2.52576E04 -1.50929E04 -1.89426E04 1.00000E19  255 255 0
-4.64767E05 3.42486E05 -2.85103E04 -1.80986E04 1.00000E19  255 255 0
-3.03478E05 4.30425E05 -6.01892E03 -4.02655E04 1.00000E19  255 255 0
-4.50305E05 4.77482E05 1.31606E04 -8.29336E04 1.00000E19  255 255 0
-7.49504E05 3.11848E05 -9.19511E03 -5.23104E02 1.00000E19  255 255 0
-4.21414E05 4.04787E05 -2.81754E04 -3.76076E04 1.00000E19  255 255 0
-8.06148E05 4.28277E05 -2.37073E03 1.35983E03 1.00000E19  255 255 0
-8.54539E05 6.76632E05 7.39641E03 -2.44156E03 1.00000E19  255 255 0
-7.05703E05 4.67115E05 -5.41285E02 5.10491E03 1.00000E19  255 255 0
-2.63018E05 9.60276E04 -1.37387E04 -2.39528E04 1.00000E19  255 255 0
-1.74636E05 3.25977E05 -7.91739E03 -3.23674E04 1.00000E19  255 255 0
-7.27422E05 6.01044E05 8.70186E03 9.90522E02 1.00000E19  255 255 0
-6.60761E05 7.32975E05 1.47887E04 -5.61922E03 1.00000E19  255 255 0
-1.20488E05 6.26118E05 6.63885E03 -3.15841E04 1.00000E19  255 255 0
-4.59335E05 4.00009E05 -3.72621E04 -2.32762E04 1.00000E19  255 255 0
-5.44848E05 3.84777E05 -2.37475E04 3.03962E03 1.00000E19  255 255 0
-1.29598E05 5.45486E05 3.60144E03 -3.33617E04 1.00000E19  255 255 0
-7.40152E05 7.47793E05 1.19648E04 -4.66795E03 1.00000E19  255 255 0
-3.64995E05 2.17956E05 -1.80754E04 -2.39545E04 1.00000E19  255 255 0
-3.19329E05 8.73994E05 1.47204E04 -2.19412E04 1.00000E19  255 255 0
-5.54383E05 3.26257E05 -2.20543E04 -4.06881E03 1.00000E19  255 255 0
-8.88505E04 4.93224E05 8.75645E02 -3.29330E04 1.00000E19  255 255 0
-7.12318E05 1.09611E05 -1.30794E04 -7.68622E03 1.00000E19  255 255 0
-4.57443E05 2.91068E05 -2.40877E04 -1.83598E04 1.00000E19  255 255 0
-6.44214E05 6.59965E05 1.51313E04 -2.44342E03 1.00000E19  255 255 0
-3.77269E05 4.45773E05 -8.95779E03 -4.77964E04 1.00000E19  255 255 0
-2.47473E05 3.89428E05 -7.31936E03 -3.60521E04 1.00000E19  255 255 0
-4.34747E05 2.30602E04 -1.53179E04 -1.76023E04 1.00000E19  255 255 0
-3.30872E05 3.04957E05 -1.68131E04 -3.05203E04 1.00000E19  255 255 0
-1.65696E05 4.21660E05 -3.04972E03 -3.45546E04 1.00000E19  255 255 0
-6.48215E05 4.12370E05 -7.84549E03 6.37252E03 1.00000E19  255 255 0
-4.78701E05 4.61115E05 -8.11269E04 2.26155E04 1.00000E19  255 255 0
-6.39502E05 6.60821E05 1.54299E04 -2.62150E03 1.00000E19  255 255 0
-2.52039E05 6.37079E05 1.17397E04 -3.21096E04 1.00000E19  255 255 0
-4.29925E05 4.73309E05 3.57114E02 -6.60732E04 1.00000E19  255 255 0
-1.55013E05 4.14760E05 -3.27329E03 -3.41719E04 1.00000E19  255 255 0
-5.55474E05 6.83222E05 2.02374E04 -8.36052E03 1.00000E19  255 255 0
-4.95534E05 4.59164E05 -3.32424E04 3.78374E04 1.00000E19  255 255 0
-4.62634E05 6.59757E05 2.38497E04 -1.76238E04 1.00000E19  255 255 0
-3.16626E05 5.67406E05 1.24926E04 -3.69927E04 1.00000E19  255 255 0
-2.72034E05 1.68150E05 -1.42737E04 -2.57096E04 1.00000E19  255 255 0
-4.76246E05 4.74312E05 6.54380E04 1.45553E05 1.00000E19  255 255 0
-8.19136E05 7.14619E05 9.10106E03 -3.26210E03 1.00000E19  255 255 0
-6.56711E05 5.85234E05 1.16074E04 2.69973E03 1.00000E19  255 255 0
-4.71778E05 7.29525E05 2.03963E04 -1.63972E04 1.00000E19  255 255 0
-7.37874E04 6.21392E05 5.51534E03 -3.11377E04 1.00000E19  255 255 0
-4.64152E05 5.78344E05 3.16613E04 -1.89592E04 1.00000E19  255 255 0
-4.77158E05 5.09007E05 5.39035E04 -1.00759E04 1.00000E19  255 255 0
-6.28568E05 1.75315E05 -1.57978E04 -8.04416E03 1.00000E19  255 255 0
-5.57794E05 3.37569E05 -2.19045E04 -2.58556E03 1.00000E19  255 255 0
-5.00408E05 6.15461E05 2.66340E04 -1.11759E04 1.00000E19  255 255 0
-4.78128E05 9.04739E05 1.57205E04 -1.61133E04 1.00000E19  255 255 0
-4.48290E05 3.93611E05 -3.42077E04 -2.69473E04 1.00000E19  255 255 0
-5.89064E05 5.01442E05 7.11289E03 1.27254E04 1.00000E19  255 255 0
-4.66523E05 4.73896E05 1.75091E04 -1.42854E05 1.00000E19  255 255 0
-7.52605E05 4.06945E05 -4.43119E03 2.45689E03 1.00000E19  255 255 0
-5.28725E05 5.32149E05 2.63768E04 8.54985E03 1.00000E19  255 255 0
-4.11033E05 1.88521E05 -1.87067E04 -2.03748E04 1.00000E19  255 255 0
-4.89817E05 4.64421E05 -3.41673E04 5.06747E04 1.00000E19  255 255 0
-1.46568E05 3.48546E05 -6.22643E03 -3.26313E04 1.00000E19  255 255 0
-4.86472E05 4.05240E05 -3.85487E04 -8.63583E03 1.00000E19  255 255 0
-7.85032E05 2.31793E05 -1.00605E04 -3.28541E03 1.00000E19  255 255 0
-7.66703E05 1.30416E05 -1.16753E04 -6.29062E03 1.00000E19  255 255 0
-4.66773E05 4.65452E05 -8.05604E04 -8.27548E04 1.00000E19  255 255 0
-6.76802E05 1.60248E05 -1.41659E04 -7.06891E03 1.00000E19  255 255 0
-4.38284E05 5.94901E05 2.79073E04 -2.42478E04 1.00000E19  255 255 0
-4.72168E05 1.56554E05 -1.83642E04 -1.63483E04 1.00000E19  255 255 0
-7.43189E05 7.41076E05 1.17938E04 -4.41323E03 1.00000E19  255 255 0
-5.02046E05 4.88080E05 2.63131E04 3.43806E04 1.00000E19  255 255 0
-2.61444E05 3.28539E05 -1.15099E04 -3.31557E04 1.00000E19  255 255 0
-2.16348E05 7.63236E05 1.24329E04 -2.72943E04 1.00000E19  255 255 0
-4.27328E05 5.44142E05 2.98985E04 -3.54945E04 1.00000E19  255 255 0
-6.51677E05 4.35108E05 -5.01457E03 7.34610E03 1.00000E19  255 255 0
-2.25126E05 5.79336E05 7.84209E03 -3.45804E04 1.00000E19  255 255 0
-7.54142E05 2.31944E05 -1.10496E04 -3.41291E03 1.00000E19  255 255 0
-3.72528E05 4.46985E05 -8.03802E03 -4.73430E04 1.00000E19  255 255 0
-4.93758E05 3.75349E05 -3.19807E04 -9.50179E03 1.00000E19  255 255 0
-3.43725E05 2.83419E05 -1.78176E04 -2.84498E04 1.00000E19  255 255 0
-6.00785E05 5.71496E05 1.57011E04 4.07004E03 1.00000E19  255 255 0
-4.51253E05 3.83648E05 -3.30999E04 -2.43559E04 1.00000E19  255 255 0
-6.21662E05 8.31913E05 1.53128E04 -9.95743E03 1.00000E19  255 255 0
-8.08366E05 7.17584E05 9.44828E03 -3.34481E03 1.00000E19  255 255 0
-4.73865E05 3.75742E05 -3.31234E04 -1.60055E04 1.00000E19  255 255 0
-2.03444E05 7.16144E05 1.14842E04 -2.90317E04 1.00000E19  255 255 0
-4.06913E05 6.25521E03 -1.48976E04 -1.84094E04 1.00000E19  255 255 0
-4.91462E05 4.76136E05 1.26406E04 5.81253E04 1.00000E19  255 255 0
-3.15873E05 7.20006E04 -1.46564E04 -2.20430E04 1.00000E19  255 255 0
-5.73226E05 2.55470E05 -1.91717E04 -7.46678E03 1.00000E19  255 255 0
-2.92495E05 7.99314E05 1.48030E04 -2.44885E04 1.00000E19  255 255 0
-5.18476E05 4.33708E05 -2.75502E04 1.55858E04 1.00000E19  255 255 0
-1.33655E05 6.41546E05 7.46549E03 -3.13308E04 1.00000E19  255 255 0
-5.00241E05 3.60488E05 -2.95100E04 -9.15525E03 1.00000E19  255 255 0
-2.61260E05 2.02616E05 -1.38789E04 -2.71687E04 1.00000E19  255 255 0
-6.60974E05 5.37837E05 7.55411E03 5.60073E03 1.00000E19  255 255 0
-4.95000E05 5.20208E05 4.10296E04 2.82079E03 1.00000E19  255 255 0
-4.91923E05 4.30404E05 -4.37290E04 3.12659E03 1.00000E19  255 255 0
-4.91514E05 4.43657E05 -4.69052E04 1.32940E04 1.00000E19  255 255 0
-4.78933E05 4.21667E05 -4.51444E04 -1.10826E04 1.00000E19  255 255 0
-3.02607E05 4.67424E05 -8.18293E02 -4.13063E04 1.00000E19  255 255 0
-3.99156E05 4.23650E05 -1.92606E04 -4.51203E04 1.00000E19  255 255 0
-5.55641E05 9.37816E05 1.48029E04 -1.36682E04 1.00000E19  255 255 0
-3.87808E05 5.72383E05 2.16784E04 -3.48829E04 1.00000E19  255 255 0
-6.01924E05 7.15305E05 1.74079E04 -7.03776E03 1.00000E19  255 255 0
-6.36465E05 4.18219E05 -7.90580E03 7.29075E03 1.00000E19  255 255 0
-5.04113E05 1.10750E05 -1.70697E04 -1.48339E04 1.00000E19  255 255 0
-4.68904E05 4.72151E05 -3.24237E04 -1.72700E05 1.00000E19  255 255 0
-4.85704E05 4.41747E05 -5.21037E04 4.87942E03 1.00000E19  255 255 0
-2.58124E05 3.76869E05 -8.69516E03 -3.57358E04 1.00000E19  255 255 0
-3.38174E05 5.60914E05 1.40643E04 -3.78692E04 1.00000E19  255 255 0
-5.34615E05 8.48720E05 1.65214E04 -1.35906E04 1.00000E19  255 255 0
-1.41207E05 4.02999E05 -3.66221E03 -3.36582E04 1.00000E19  255 255 0
-4.36370E05 5.13808E05 3.28296E04 -4.57679E04 1.00000E19  255 255 0
-4.84638E05 2.63173E04 -1.54491E04 -1.58975E04 1.00000E19  255 255 0
-1.80635E05 6.43266E05 8.93796E03 -3.16474E04 1.00000E19  255 255 0
-4.40549E05 4.70488E05 -4.41981E03 -7.33907E04 1.00000E19  255 255 0
-5.46091E05 6.77225E05 2.08839E04 -8.82579E03 1.00000E19  255 255 0
-2.17850E05 5.13615E05 3.19494E03 -3.63712E04 1.00000E19  255 255 0
-6.98385E05 1.22484E05 -1.34603E04 -7.64487E03 1.00000E19  255 255 0
-4.35865E05 8.02503E05 1.78272E04 -1.83091E04 1.00000E19  255 255 0
-4.54912E05 5.83206E05 3.05043E04 -2.13067E04 1.00000E19  255 255 0
-3.56174E05 4.12825E05 -1.30491E04 -4.16341E04 1.00000E19  255 255 0
-2.95345E05 5.41726E05 8.53985E03 -3.83754E04 1.00000E19  255 255 0
-6.75075E05 6.50557E05 1.31472E04 -1.33734E03 1.00000E19  255 255 0
-1.85956E05 3.61974E05 -6.71757E03 -3.36675E04 1.00000E19  255 255 0
-4.12516E05 5.57668E05 2.60593E04 -3.49158E04 1.00000E19  255 255 0
-7.43756E05 6.74098E05 1.06065E04 -2.01964E03 1.00000E19  255 255 0
-6.42039E05 4.95452E05 3.29380E03 8.49893E03 1.00000E19  255 255 0
-6.60751E05 3.47497E05 -1.20807E04 1.77249E03 1.00000E19  255 255 0
-4.28273E05 4.26708E05 -2.92826E04 -4.45922E04 1.00000E19  255 255 0
-8.69398E05 3.46822E05 -4.85818E03 -1.03765E03 1.00000E19  255 255 0
-4.96005E05 4.41297E05 -4.22461E04 1.43557E04 1.00000E19  255 255 0
-4.90844E05 3.52443E05 -2.92730E04 -1.19673E04 1.00000E19  255 255 0
-4.68961E05 4.60649E05 -8.61346E04 -4.44715E04 1.00000E19  255 255 0
-4.33216E05 7.12286E05 2.06911E04 -1.97401E04 1.00000E19  255 255 0
-4.37663E05 3.04575E05 -2.43718E04 -2.14134E04 1.00000E19  255 255 0
-6.15382E05 6.98572E04 -1.48972E04 -1.10386E04 1.00000E19  255 255 0
-7.64102E05 4.32651E05 -2.61630E03 2.57564E03 1.00000E19  255 255 0
-5.26952E05 3.91182E05 -2.75485E04 1.86602E03 1.00000E19  255 255 0
-5.68972E05 4.37740E05 -1.11415E04 1.40256E04 1.00000E19  255 255 0
-3.46080E05 4.65054E05 -1.81004E03 -4.52123E04 1.00000E19  255 255 0
-4.53151E05 5.43483E05 3.67469E04 -2.66485E04 1.00000E19  255 255 0
-6.43179E05 7.50032E05 1.54374E04 -6.81690E03 1.00000E19  255 255 0
-5.33633E05 3.73772E05 -2.58502E04 -5.04257E02 1.00000E19  255 255 0
-6.88498E05 4.04977E05 -6.54148E03 4.42354E03 1.00000E19  255 255 0
-4.45759E05 4.90725E05 3.12523E04 -6.43311E04 1.00000E19  255 255 0
-5.15243E05 4.73676E05 8.03635E02 3.39528E04 1.00000E19  255 255 0
-4.31570E05 7.28080E05 2.00587E04 -1.95579E04 1.00000E19  255 255 0
-5.03704E05 4.91511E05 2.81695E04 3.04239E04 1.00000E19  255 255 0
-6.49168E05 6.11511E05 1.34879E04 8.54986E02 1.00000E19  255 255 0
-4.82837E05 4.94283E05 6.12406E04 1.20060E04 1.00000E19  255 255 0
-6.53418E05 1.58987E05 -1.48844E04 -7.74807E03 1.00000E19  255 255 0
-5.09123E05 6.05809E05 2.68697E04 -8.99175E03 1.00000E19  255 255 0
-7.06842E05 4.28635E05 -3.94695E03 4.50383E03 1.00000E19  255 255 0
-2.42081E05 5.69679E05 7.97364E03 -3.53452E04 1.00000E19  255 255 0
-5.08225E05 4.53769E05 -2.47100E04 2.89614E04 1.00000E19  255 255 0
-1.70701E05 1.32073E05 -1.14509E04 -2.64535E04 1.00000E19  255 255 0
-3.31206E05 6.44387E04 -1.48406E04 -2.14505E04 1.00000E19  255 255 0
-7.01790E05 3.50489E05 -9.57253E03 1.57674E03 1.00000E19  255 255 0
-4.93494E05 5.13727E05 4.32178E04 5.44773E03 1.00000E19  255 255 0
-7.87806E04 2.66234E05 -7.19182E03 -3.00119E04 1.00000E19  255 255 0
-2.27113E05 3.83811E05 -6.88763E03 -3.52887E04 1.00000E19  255 255 0
-3.76667E05 3.98064E05 -1.81560E04 -3.96405E04 1.00000E19  255 255 0
-8.10779E05 6.64004E05 8.16291E03 -1.86435E03 1.00000E19  255 255 0
-7.29263E05 7.81284E04 -1.26302E04 -8.10328E03 1.00000E19  255 255 0
-3.24477E05 6.83077E05 1.66303E04 -2.80575E04 1.00000E19  255 255 0
-4.66712E05 4.65806E05 -7.95737E04 -8.58490E04 1.00000E19  255 255 0
-3.15152E05 4.27757E05 -7.02424E03 -4.08068E04 1.00000E19  255 255 0
-5.49187E05 2.23398E05 -1.93412E04 -1.03964E04 1.00000E19  255 255 0
-6.22509E05 4.49302E05 -4.15669E03 9.92446E03 1.00000E19  255 255 0
-2.78650E05 5.35174E05 6.96820E03 -3.80818E04 1.00000E19  255 255 0
-8.08769E05 2.56763E05 -8.85084E03 -2.55658E03 1.00000E19  255 255 0
-5.08423E05 9.88980E04 -1.67772E04 -1.47114E04 1.00000E19  255 255 0
-8.04573E04 5.68964E05 3.85916E03 -3.20860E04 1.00000E19  255 255 0
-5.65222E05 6.67616E05 2.01165E04 -6.76753E03 1.00000E19  255 255 0
-2.14361E05 1.24871E05 -1.25919E04 -2.56550E04 1.00000E19  255 255 0
-4.91170E05 3.00371E04 -1.55021E04 -1.56641E04 1.00000E19  255 255 0
-7.90025E05 5.80320E05 5.72564E03 6.13662E02 1.00000E19  255 255 0
-4.41869E05 4.39530E05 -3.53808E04 -4.92079E04 1.00000E19  255 255 0
-3.92300E05 2.21628E05 -1.91431E04 -2.24457E04 1.00000E19  255 255 0
-5.32203E05 8.07332E05 1.74573E04 -1.32087E04 1.00000E19  255 255 0
-4.10623E05 1.21390E05 -1.70216E04 -1.93197E04 1.00000E19  255 255 0
-5.87759E05 3.98002E05 -1.52635E04 7.05552E03 1.00000E19  255 255 0
-5.05471E05 5.51890E05 3.27067E04 -2.83805E03 1.00000E19  255 255 0
-4.95400E05 6.66903E05 2.32280E04 -1.36166E04 1.00000E19  255 255 0
-5.25184E05 8.02290E05 1.76707E04 -1.34996E04 1.00000E19  255 255 0
-5.84304E04 6.18254E05 5.15393E03 -3.10099E04 1.00000E19  255 255 0
-6.91873E05 4.68771E05 -4.26492E02 5.77523E03 1.00000E19  255 255 0
-4.62561E05 9.10528E05 1.56111E04 -1.66725E04 1.00000E19  255 255 0
-1.08830E05 4.37628E05 -1.65107E03 -3.32986E04 1.00000E19  255 255 0
-5.73226E05 4.82123E05 2.95183E03 1.61298E04 1.00000E19  255 255 0
-4.70256E05 4.73863E05 5.77843E04 -2.00046E05 1.00000E19  255 255 0
-1.35928E05 5.79283E05 5.22550E03 -3.28725E04 1.00000E19  255 255 0
-5.04231E05 5.25112E05 3.59499E04 5.24526E03 1.00000E19  255 255 0
-8.15393E05 4.09895E05 -3.17337E03 9.17883E02 1.00000E19  255 255 0
-4.86431E05 4.78050E05 3.03490E04 6.44231E04 1.00000E19  255 255 0
-6.81350E05 8.13292E05 1.39476E04 -7.76032E03 1.00000E19  255 255 0
-8.13157E05 7.76449E05 1.01857E04 -4.88208E03 1.00000E19  255 255 0
-6.82324E05 5.18520E04 -1.34895E04 -9.59530E03 1.00000E19  255 255 0
-7.46085E05 5.60657E05 5.89551E03 2.06675E03 1.00000E19  255 255 0
-8.32151E05 4.36553E05 -1.73592E03 8.05961E02 1.00000E19  255 255 0
-5.94615E05 3.81992E05 -1.58810E04 4.92203E03 1.00000E19  255 255 0
-5.53636E05 3.95846E05 -2.13785E04 6.04319E03 1.00000E19  255 255 0
-4.84954E05 5.46418E05 3.73852E04 -1.02131E04 1.00000E19  255 255 0
-2.97000E05 2.98001E05 -1.46208E04 -3.10044E04 1.00000E19  255 255 0
-4.79374E05 4.79831E05 7.81455E04 5.66125E04 1.00000E19  255 255 0
-8.54686E04 4.00987E05 -3.00618E03 -3.24775E04 1.00000E19  255 255 0
-4.51004E05 5.74383E05 3.13442E04 -2.31004E04 1.00000E19  255 255 0
-4.37555E05 4.84791E05 1.68717E04 -6.70174E04 1.00000E19  255 255 0
-6.11936E05 4.29942E05 -8.01838E03 9.57280E03 1.00000E19  255 255 0
-1.94481E05 5.25442E05 3.59065E03 -3.53699E04 1.00000E19  255 255 0
-3.24352E05 1.77012E05 -1.60408E04 -2.43558E04 1.00000E19  255 255 0
-3.38846E05 6.05567E05 1.67199E04 -3.32200E04 1.00000E19  255 255 0
-4.60400E05 4.28309E05 -4.61421E04 -2.93094E04 1.00000E19  255 255 0
-7.31598E05 2.48018E05 -1.15816E04 -2.98786E03 1.00000E19  255 255 0
-4.40893E05 4.24485E05 -3.57168E04 -3.99371E04 1.00000E19  255 255 0
-2.51202E05 3.95813E05 -7.00639E03 -3.64330E04 1.00000E19  255 255 0
-9.01830E05 4.77717E05 1.73512E02 -5.26026E02 1.00000E19  255 255 0
-3.70803E05 5.45246E05 1.68565E04 -4.01446E04 1.00000E19  255 255 0
-7.32198E05 5.80978E05 7.49702E03 1.69628E03 1.00000E19  255 255 0
-9.02667E05 4.01072E05 -2.58417E03 -8.63302E02 1.00000E19  255 255 0
-8.73385E05 4.72034E05 -3.94092E01 2.60948E01 1.00000E19  255 255 0
0.00000E00 0.00000E00 0.00000E00 0.00000E00 1.60000E25  0 0 255
3.09380E04 4.48482E04 1.15203E05 -7.94713E04 1.00000E19  0 0 255
-7.56313E04 6.32762E03 9.88643E03 1.18168E05 1.00000E19  0 0 255
-8.02650E04 -2.51788E04 -3.37130E04 1.07470E05 1.00000E19  0 0 255
4.66628E04 -9.41380E03 -2.96099E04 -1.46772E05 1.00000E19  0 0 255
6.39618E04 -5.20101E04 -7.17816E04 -8.82766E04 1.00000E19  0 0 255
7.56446E03 -1.61428E03 -7.75230E04 -3.63269E05 1.00000E19  0 0 255
-6.63902E04 7.05193E04 7.64288E04 7.19537E04 1.00000E19  0 0 255
1.82811E04 1.20719E04 1.21623E05 -1.84180E05 1.00000E19  0 0 255
-9.09703E04 1.21350E05 6.71192E04 5.03161E04 1.00000E19  0 0 255
-3.59478E04 -7.41348E04 -1.02407E05 4.96568E04 1.00000E19  0 0 255
8.57052E04 4.01559E04 4.50525E04 -9.61560E04 1.00000E19  0 0 255
-8.92326E04 6.77715E03 8.27012E03 1.08890E05 1.00000E19  0 0 255
-5.27388E04 -2.49228E04 -5.77922E04 1.22293E05 1.00000E19  0 0 255
3.24421E04 -4.20994E04 -1.12241E05 -8.64939E04 1.00000E19  0 0 255
-5.67000E02 5.41246E02 8.05675E05 8.44012E05 1.00000E19  0 0 255
-2.84893E03 1.08564E03 2.10679E05 5.52863E05 1.00000E19  0 0 255
-8.02442E04 -1.08112E05 -7.14901E04 5.30624E04 1.00000E19  0 0 255
-7.22748E04 4.76270E04 6.10983E04 9.27176E04 1.00000E19  0 0 255
-4.37046E04 -2.53970E04 -7.30045E04 1.25630E05 1.00000E19  0 0 255
-8.89852E04 5.17170E04 5.11672E04 8.80392E04 1.00000E19  0 0 255
-1.87446E04 -8.33120E03 -9.26396E04 2.08433E05 1.00000E19  0 0 255
5.28067E04 -8.80087E04 -8.74382E04 -5.24644E04 1.00000E19  0 0 255
-2.12906E04 -1.48929E05 -8.33764E04 1.19193E04 1.00000E19  0 0 255
-5.03059E04 2.29709E04 5.77013E04 1.26365E05 1.00000E19  0 0 255
-5.66435E04 -1.05844E05 -8.31302E04 4.44880E04 1.00000E19  0 0 255
4.00162E04 1.84590E04 6.51838E04 -1.41308E05 1.00000E19  0 0 255
-2.88399E04 -7.29758E04 -1.08459E05 4.28627E04 1.00000E19  0 0 255
1.96375E03 5.07703E04 1.44821E05 -5.60153E03 1.00000E19  0 0 255
5.10099E04 2.03062E04 5.15651E04 -1.29533E05 1.00000E19  0 0 255
2.06161E03 -8.70387E04 -1.10684E05 -2.62167E03 1.00000E19  0 0 255
1.38768E05 -1.16799E04 -7.34221E03 -8.72325E04 1.00000E19  0 0 255
-9.93669E04 3.69856E04 3.49970E04 9.40244E04 1.00000E19  0 0 255
-4.77644E04 1.24941E05 8.34334E04 3.18963E04 1.00000E19  0 0 255
5.00811E02 -3.70351E03 -5.29558E05 -7.16101E04 1.00000E19  0 0 255
-2.21680E04 2.75717E04 1.35357E05 1.08829E05 1.00000E19  0 0 255
6.51210E04 -5.82619E04 -7.36873E04 -8.23624E04 1.00000E19  0 0 255
-3.20753E03 7.11965E04 1.22246E05 5.50739E03 1.00000E19  0 0 255
7.83009E04 -6.64129E03 -9.84896E03 -1.16119E05 1.00000E19  0 0 255
-6.19445E04 3.95266E03 8.34997E03 1.30857E05 1.00000E19  0 0 255
1.06603E05 5.60256E04 4.37941E04 -8.33293E04 1.00000E19  0 0 255
4.22848E04 -9.98059E04 -9.13634E04 -3.87080E04 1.00000E19  0 0 255
-2.95969E04 -1.91452E03 -1.22449E04 1.89295E05 1.00000E19  0 0 255
-9.44481E04 3.46076E04 3.54380E04 9.67143E04 1.00000E19  0 0 255
-1.34354E05 4.32645E04 2.66528E04 8.27677E04 1.00000E19  0 0 255
1.05430E05 -2.23027E04 -2.05955E04 -9.73601E04 1.00000E19  0 0 255
1.50015E05 -8.66275E03 -4.85841E03 -8.41341E04 1.00000E19  0 0 255
-8.56385E04 -8.86509E04 -6.69229E04 6.46488E04 1.00000E19  0 0 255
-4.94539E04 -4.28557E04 -8.36322E04 9.65085E04 1.00000E19  0 0 255
-1.19686E05 1.33267E04 1.04175E04 9.35593E04 1.00000E19  0 0 255
-2.82224E04 -9.26845E04 -1.00401E05 3.05721E04 1.00000E19  0 0 255
-9.90644E04 8.29502E04 5.83459E04 6.96804E04 1.00000E19  0 0 255
4.23319E04 7.06098E03 2.59446E04 -1.55543E05 1.00000E19  0 0 255
1.25319E05 -1.43012E04 -1.04292E04 -9.13901E04 1.00000E19  0 0 255
-8.75286E04 2.49363E04 2.96696E04 1.04143E05 1.00000E19  0 0 255
-1.35945E05 -6.20017E04 -3.50695E04 7.68934E04 1.00000E19  0 0 255
-3.30670E04 -1.38856E05 -8.41149E04 2.00310E04 1.00000E19  0 0 255
-1.01421E05 1.20325E05 6.29663E04 5.30741E04 1.00000E19  0 0 255
-3.35309E04 -2.07826E04 -8.66495E04 1.39801E05 1.00000E19  0 0 255
-4.57074E04 -2.72582E04 -7.25321E04 1.21624E05 1.00000E19  0 0 255
1.04525E05 -5.89866E04 -4.63441E04 -8.21222E04 1.00000E19  0 0 255
3.53064E02 -7.07090E03 -3.87770E05 -1.93621E04 1.00000E19  0 0 255
-5.05336E02 -2.44268E02 -6.00101E05 1.24148E06 1.00000E19  0 0 255
2.55524E04 -1.82070E04 -1.07023E05 -1.50200E05 1.00000E19  0 0 255
6.38360E04 -8.76341E04 -8.01928E04 -5.84155E04 1.00000E19  0 0 255
-1.23484E05 -1.60431E04 -1.19273E04 9.18047E04 1.00000E19  0 0 255
1.02312E05 -7.10560E03 -7.06749E03 -1.01763E05 1.00000E19  0 0 255
1.31865E05 -6.65069E04 -3.82801E04 -7.58992E04 1.00000E19  0 0 255
1.04133E05 -7.49235E04 -5.32691E04 -7.40362E04 1.00000E19  0 0 255
1.09968E05 -8.65800E04 -5.40171E04 -6.86087E04 1.00000E19  0 0 255
9.24160E04 -5.79786E04 -5.25616E04 -8.37816E04 1.00000E19  0 0 255
-1.64762E04 -6.88487E04 -1.19409E05 2.85757E04 1.00000E19  0 0 255
1.23006E05 -5.28300E03 -3.99499E03 -9.30166E04 1.00000E19  0 0 255
-8.52293E03 9.14488E03 2.13745E05 1.99208E05 1.00000E19  0 0 255
1.18231E05 -4.94598E04 -3.52166E04 -8.41837E04 1.00000E19  0 0 255
1.35933E05 1.89760E04 1.21914E04 -8.73321E04 1.00000E19  0 0 255
6.55973E04 -2.21051E04 -3.96508E04 -1.17665E05 1.00000E19  0 0 255
4.54525E03 -2.74763E03 -2.31896E05 -3.83612E05 1.00000E19  0 0 255
-5.13073E04 2.69545E04 6.31099E04 1.20129E05 1.00000E19  0 0 255
-4.30555E04 -2.28793E04 -6.94243E04 1.30646E05 1.00000E19  0 0 255
5.79054E04 5.22265E03 1.21702E04 -1.34935E05 1.00000E19  0 0 255
-1.44474E05 -2.50679E04 -1.45847E04 8.40556E04 1.00000E19  0 0 255
-6.94512E04 -1.13431E05 -7.63938E04 4.67743E04 1.00000E19  0 0 255
-4.69346E04 -3.69363E04 -8.26676E04 1.05045E05 1.00000E19  0 0 255
1.28102E05 -3.67424E04 -2.46721E04 -8.60190E04 1.00000E19  0 0 255
1.84441E04 -2.61910E04 -1.49233E05 -1.05092E05 1.00000E19  0 0 255
8.21554E04 2.28431E04 2.99687E04 -1.07783E05 1.00000E19  0 0 255
9.06588E04 -7.15295E03 -8.52062E03 -1.07993E05 1.00000E19  0 0 255
-9.26378E03 1.39008E04 2.10330E05 1.40168E05 1.00000E19  0 0 255
-8.43075E02 -2.04493E04 -2.28155E05 9.40629E03 1.00000E19  0 0 255
-1.42346E05 4.95847E04 2.76789E04 7.94597E04 1.00000E19  0 0 255
-1.02862E05 -7.56301E04 -5.41586E04 7.36592E04 1.00000E19  0 0 255
5.27814E03 -1.85577E03 -1.44864E05 -4.12020E05 1.00000E19  0 0 255
2.10415E04 1.90958E04 1.30241E05 -1.43511E05 1.00000E19  0 0 255
-8.19894E04 5.00273E04 5.49042E04 8.99821E04 1.00000E19  0 0 255
-3.25199E04 -9.15158E04 -9.87740E04 3.50991E04 1.00000E19  0 0 255
-6.26611E04 7.73102E04 8.04498E04 6.52059E04 1.00000E19  0 0 255
-3.30527E04 3.64228E04 1.09083E05 9.89896E04 1.00000E19  0 0 255
2.44458E04 -4.07245E04 -1.28518E05 -7.71455E04 1.00000E19  0 0 255
-9.60520E04 1.01518E05 6.34758E04 6.00580E04 1.00000E19  0 0 255
-1.67757E04 1.34938E05 8.79143E04 1.09296E04 1.00000E19  0 0 255
2.04594E04 9.73456E04 1.01364E05 -2.13041E04 1.00000E19  0 0 255
1.42999E03 6.33928E03 3.95309E05 -8.91723E04 1.00000E19  0 0 255
-2.12291E04 8.07193E02 8.51595E03 2.23968E05 1.00000E19  0 0 255
1.23745E05 9.76983E03 7.29781E03 -9.24346E04 1.00000E19  0 0 255
1.03729E04 -1.09573E04 -1.93136E05 -1.82834E05 1.00000E19  0 0 255
-3.55763E03 -2.02460E04 -2.24413E05 3.94340E04 1.00000E19  0 0 255
-5.95172E04 -7.70724E04 -8.28574E04 6.39845E04 1.00000E19  0 0 255
-1.41362E03 6.04442E03 4.03738E05 9.44231E04 1.00000E19  0 0 255
-9.34795E03 -2.86455E04 -1.78909E05 5.83838E04 1.00000E19  0 0 255
-1.63358E04 -1.54737E04 -1.49767E05 1.58111E05 1.00000E19  0 0 255
1.14807E05 -7.07314E04 -4.66633E04 -7.57411E04 1.00000E19  0 0 255
2.24054E03 7.30980E03 3.57209E05 -1.09489E05 1.00000E19  0 0 255
1.03070E05 -5.67775E04 -4.59495E04 -8.34134E04 1.00000E19  0 0 255
2.62780E04 -1.21626E05 -9.05210E04 -1.95576E04 1.00000E19  0 0 255
-4.01709E04 -3.86927E04 -9.59610E04 9.96271E04 1.00000E19  0 0 255
9.26103E04 2.49695E04 2.74592E04 -1.01844E05 1.00000E19  0 0 255
4.96267E04 -1.20400E04 -3.40838E04 -1.40487E05 1.00000E19  0 0 255
-8.59816E04 1.13797E05 6.90159E04 5.21465E04 1.00000E19  0 0 255
-5.09773E04 7.58211E04 8.96902E04 6.03019E04 1.00000E19  0 0 255
-7.23302E04 7.35863E04 7.25290E04 7.12910E04 1.00000E19  0 0 255
-1.34775E05 7.50748E02 4.95670E02 8.89832E04 1.00000E19  0 0 255
1.80919E03 -6.82844E03 -3.75720E05 -9.95464E04 1.00000E19  0 0 255
-4.46243E03 -7.66071E04 -1.17729E05 6.85784E03 1.00000E19  0 0 255
-5.16827E04 2.54621E04 6.01478E04 1.22088E05 1.00000E19  0 0 255
-3.39788E04 6.16140E04 1.07843E05 5.94732E04 1.00000E19  0 0 255
4.30463E04 -5.30185E04 -9.70476E04 -7.87942E04 1.00000E19  0 0 255
1.89518E04 1.38470E04 1.25797E05 -1.72172E05 1.00000E19  0 0 255
9.69692E04 -1.14470E05 -6.43554E04 -5.45164E04 1.00000E19  0 0 255
-7.30374E04 -4.27716E04 -5.67437E04 9.68963E04 1.00000E19  0 0 255
-6.17527E03 3.79781E04 1.64383E05 2.67288E04 1.00000E19  0 0 255
-3.02329E04 -3.52550E04 -1.15071E05 9.86787E04 1.00000E19  0 0 255
-5.64506E04 1.02612E05 8.36378E04 4.60120E04 1.00000E19  0 0 255
1.22993E05 -4.26778E04 -2.96807E04 -8.55365E04 1.00000E19  0 0 255
5.97603E04 4.16353E04 6.91964E04 -9.93194E04 1.00000E19  0 0 255
9.44070E04 -8.33758E04 -6.09326E04 -6.89943E04 1.00000E19  0 0 255
-6.88187E04 1.00039E04 1.78206E04 1.22591E05 1.00000E19  0 0 255
6.93374E04 -7.57808E04 -7.52022E04 -6.88080E04 1.00000E19  0 0 255
1.17583E05 4.74765E04 3.43473E04 -8.50663E04 1.00000E19  0 0 255
8.78482E03 -6.73490E04 -1.24297E05 -1.62130E04 1.00000E19  0 0 255
-1.47961E04 1.01126E05 1.01110E05 1.47937E04 1.00000E19  0 0 255
1.13734E05 -2.99650E04 -2.42686E04 -9.21126E04 1.00000E19  0 0 255
-6.55650E04 2.54988E04 4.46434E04 1.14791E05 1.00000E19  0 0 255
2.02750E04 6.10111E04 1.22264E05 -4.06305E04 1.00000E19  0 0 255
2.39344E03 -4.92034E03 -3.97144E05 -1.93186E05 1.00000E19  0 0 255
8.30643E04 1.83069E04 2.41084E04 -1.09387E05 1.00000E19  0 0 255
4.56350E04 7.11213E04 9.45829E04 -6.06892E04 1.00000E19  0 0 255
1.21629E04 8.71088E04 1.09094E05 -1.52327E04 1.00000E19  0 0 255
1.16199E05 2.99991E04 2.35728E04 -9.13072E04 1.00000E19  0 0 255
-6.97291E04 -2.76498E03 -4.89984E03 1.23567E05 1.00000E19  0 0 255
4.16297E04 1.08784E05 8.93976E04 -3.42110E04 1.00000E19  0 0 255
1.05737E04 1.94258E04 1.92935E05 -1.05017E05 1.00000E19  0 0 255
1.55207E03 -2.09815E03 -5.14096E05 -3.80293E05 1.00000E19  0 0 255
1.05170E05 6.40195E04 4.84090E04 -7.95256E04 1.00000E19  0 0 255
-4.61690E04 -8.21326E03 -2.64219E04 1.48525E05 1.00000E19  0 0 255
2.87364E04 9.43490E04 9.95082E04 -3.03078E04 1.00000E19  0 0 255
3.18670E04 -1.19788E05 -8.96693E04 -2.38545E04 1.00000E19  0 0 255
4.84486E04 3.12573E03 9.54553E03 -1.47955E05 1.00000E19  0 0 255
1.50519E04 5.28412E04 1.34037E05 -3.81807E04 1.00000E19  0 0 255
-5.69176E04 1.44563E05 7.71175E04 3.03628E04 1.00000E19  0 0 255
1.66290E04 2.91143E04 1.54920E05 -8.84843E04 1.00000E19  0 0 255
1.21573E04 7.34827E04 1.18096E05 -1.95383E04 1.00000E19  0 0 255
2.63891E04 7.11826E04 1.11171E05 -4.12137E04 1.00000E19  0 0 255
-2.66941E04 -3.78397E04 -1.24048E05 8.75096E04 1.00000E19  0 0 255
1.29530E04 2.22562E04 1.75946E05 -1.02400E05 1.00000E19  0 0 255
-1.21435E04 1.35924E05 8.80817E04 7.86925E03 1.00000E19  0 0 255
8.09443E04 9.26587E04 7.01401E04 -6.12726E04 1.00000E19  0 0 255
-4.11836E04 -1.00527E05 -9.17161E04 3.75742E04 1.00000E19  0 0 255
-1.28518E05 -4.67184E04 -3.01813E04 8.30260E04 1.00000E19  0 0 255
8.81541E03 -8.21392E04 -1.13010E05 -1.21286E04 1.00000E19  0 0 255
1.26878E04 1.30935E05 8.96502E04 -8.68725E03 1.00000E19  0 0 255
-1.10720E05 -1.12135E05 -5.85586E04 5.78197E04 1.00000E19  0 0 255
8.18705E04 -8.21182E04 -6.79381E04 -6.77331E04 1.00000E19  0 0 255
1.01541E03 -2.02210E03 -6.13729E05 -3.08189E05 1.00000E19  0 0 255
1.56316E04 -7.04683E04 -1.18708E05 -2.63324E04 1.00000E19  0 0 255
8.76226E04 2.66938E04 3.14558E04 -1.03254E05 1.00000E19  0 0 255
-4.95526E03 1.14438E05 9.64333E04 4.17563E03 1.00000E19  0 0 255
-4.76631E04 -5.78234E04 -9.20865E04 7.59058E04 1.00000E19  0 0 255
1.13298E04 1.23266E04 1.85882E05 -1.70851E05 1.00000E19  0 0 255
4.23101E03 -2.63366E04 -1.97489E05 -3.17270E04 1.00000E19  0 0 255
-2.43285E04 1.35430E05 8.66803E04 1.55711E04 1.00000E19  0 0 255
2.05474E03 6.33439E03 3.80788E05 -1.23519E05 1.00000E19  0 0 255
3.19894E04 1.60654E04 7.74902E04 -1.54298E05 1.00000E19  0 0 255
-5.98774E04 1.10398E05 8.10304E04 4.39491E04 1.00000E19  0 0 255
-1.29588E05 1.62018E04 1.12146E04 8.96990E04 1.00000E19  0 0 255
4.21272E04 -3.09555E04 -8.46033E04 -1.15136E05 1.00000E19  0 0 255
5.33866E03 -7.45716E02 -6.15536E04 -4.40669E05 1.00000E19  0 0 255
-1.14866E04 -2.55280E03 -6.53352E04 2.93984E05 1.00000E19  0 0 255
-8.40656E04 2.36767E04 2.99676E04 1.06402E05 1.00000E19  0 0 255
-8.34553E04 1.16525E05 7.01530E04 5.02437E04 1.00000E19  0 0 255
4.98698E04 4.89732E04 8.65781E04 -8.81632E04 1.00000E19  0 0 255
4.05574E04 4.67993E04 9.92045E04 -8.59732E04 1.00000E19  0 0 255
-4.59479E04 -6.41353E04 -9.45451E04 6.77342E04 1.00000E19  0 0 255
5.39956E04 -1.34452E05 -7.96409E04 -3.19835E04 1.00000E19  0 0 255
2.33702E04 8.27919E03 6.92800E04 -1.95561E05 1.00000E19  0 0 255
-1.30567E05 1.56504E04 1.07214E04 8.94457E04 1.00000E19  0 0 255
-1.19687E04 1.42208E05 8.61711E04 7.25245E03 1.00000E19  0 0 255
4.61821E04 -9.73336E03 -3.10112E04 -1.47140E05 1.00000E19  0 0 255
2.07008E04 -7.35162E03 -7.37626E04 -2.07702E05 1.00000E19  0 0 255
-1.01857E05 -8.92339E04 -5.84987E04 6.67741E04 1.00000E19  0 0 255
8.22645E03 -5.97529E03 -1.90397E05 -2.62128E05 1.00000E19  0 0 255
4.07176E04 -3.81502E03 -1.50695E04 -1.60837E05 1.00000E19  0 0 255
-1.65162E04 1.50920E05 8.33435E04 9.12084E03 1.00000E19  0 0 255
-6.07764E03 6.71860E03 2.54527E05 2.30245E05 1.00000E19  0 0 255
7.67804E04 -7.82028E04 -7.04147E04 -6.91340E04 1.00000E19  0 0 255
1.28623E05 7.50432E04 4.26610E04 -7.31204E04 1.00000E19  0 0 255
-2.23468E03 1.22273E05 9.34004E04 1.70700E03 1.00000E19  0 0 255
-6.42989E03 8.19842E04 1.13569E05 8.90706E03 1.00000E19  0 0 255
-2.84875E04 1.14430E05 9.23140E04 2.29818E04 1.00000E19  0 0 255
6.87163E04 2.55681E04 4.20724E04 -1.13073E05 1.00000E19  0 0 255
1.30302E05 -4.09604E04 -2.65074E04 -8.43245E04 1.00000E19  0 0 255
-4.97081E04 8.72074E04 8.95797E04 5.10603E04 1.00000E19  0 0 255
-1.75785E04 4.18340E04 1.41383E05 5.94085E04 1.00000E19  0 0 255
-1.08816E05 2.90923E04 2.51405E04 9.40350E04 1.00000E19  0 0 255
8.30781E03 -7.98511E03 -2.10887E05 -2.19410E05 1.00000E19  0 0 255
2.68205E04 4.72862E04 1.21872E05 -6.91252E04 1.00000E19  0 0 255
-7.43268E03 4.70628E04 1.47829E05 2.33468E04 1.00000E19  0 0 255
-8.91998E04 5.11926E04 5.07049E04 8.83499E04 1.00000E19  0 0 255
-8.04000E04 -1.68425E04 -2.33699E04 1.11559E05 1.00000E19  0 0 255
6.91935E03 -2.74678E04 -1.88222E05 -4.74146E04 1.00000E19  0 0 255
-8.65318E04 9.44223E03 1.20110E04 1.10073E05 1.00000E19  0 0 255
-2.11589E04 1.52869E05 8.23725E04 1.14013E04 1.00000E19  0 0 255
-2.42841E04 6.28252E04 1.17409E05 4.53825E04 1.00000E19  0 0 255
4.82028E04 8.57402E04 9.07973E04 -5.10459E04 1.00000E19  0 0 255
1.12117E05 -6.70502E04 -4.63900E04 -7.75705E04 1.00000E19  0 0 255
-5.91767E04 6.00533E02 1.36270E03 1.34281E05 1.00000E19  0 0 255
-1.41893E05 -5.36243E04 -2.96524E04 7.84618E04 1.00000E19  0 0 255
-9.24890E04 9.56082E03 1.10159E04 1.06565E05 1.00000E19  0 0 255
1.83725E04 3.09373E04 1.48077E05 -8.79372E04 1.00000E19  0 0 255
-8.16151E04 -8.29287E04 -6.82586E04 6.71774E04 1.00000E19  0 0 255
3.19036E04 -5.52707E04 -1.11997E05 -6.46475E04 1.00000E19  0 0 255
-1.08652E04 4.37511E03 1.12748E05 2.80001E05 1.00000E19  0 0 255
-1.57656E04 4.63737E04 1.39753E05 4.75116E04 1.00000E19  0 0 255
9.73714E03 7.78370E03 1.82694E05 -2.28544E05 1.00000E19  0 0 255
-1.10888E04 -6.35817E03 -1.43728E05 2.50665E05 1.00000E19  0 0 255
4.82701E03 4.53021E04 1.52190E05 -1.62161E04 1.00000E19  0 0 255
-3.92440E04 -5.71647E03 -2.36457E04 1.62329E05 1.00000E19  0 0 255
-1.94964E03 3.05716E03 4.57418E05 2.91708E05 1.00000E19  0 0 255
4.20944E04 -1.22624E05 -8.58125E04 -2.94579E04 1.00000E19  0 0 255
1.28472E05 3.55617E03 2.52141E03 -9.10897E04 1.00000E19  0 0 255
1.08526E03 -5.58263E04 -1.38223E05 -2.68705E03 1.00000E19  0 0 255
-4.17063E03 1.05030E04 2.85611E05 1.13412E05 1.00000E19  0 0 255
-1.33939E05 6.08418E04 3.52257E04 7.75472E04 1.00000E19  0 0 255
4.96378E04 -7.79696E04 -9.06430E04 -5.77060E04 1.00000E19  0 0 255
-7.15326E04 -4.41458E04 -5.91756E04 9.58865E04 1.00000E19  0 0 255
-9.89385E03 -3.05810E03 -9.47995E04 3.06704E05 1.00000E19  0 0 255
-1.42916E05 -2.54406E03 -1.53790E03 8.63933E04 1.00000E19  0 0 255
-5.15895E04 -1.05843E05 -8.55783E04 4.17121E04 1.00000E19  0 0 255
1.99973E04 9.78449E04 1.01280E05 -2.06994E04 1.00000E19  0 0 255
-5.51674E04 5.99705E04 8.42246E04 7.74790E04 1.00000E19  0 0 255
-2.25635E04 5.47608E04 1.24111E05 5.11385E04 1.00000E19  0 0 255
-4.55488E04 -9.87878E04 -8.99467E04 4.14724E04 1.00000E19  0 0 255
1.31206E04 1.09199E05 9.78014E04 -1.17512E04 1.00000E19  0 0 255
-9.60953E04 -6.55724E04 -5.39850E04 7.91142E04 1.00000E19  0 0 255
3.67642E03 4.59850E03 3.32542E05 -2.65861E05 1.00000E19  0 0 255
1.15910E05 -5.84645E04 -4.08323E04 -8.09528E04 1.00000E19  0 0 255
-7.99236E04 3.16746E04 4.10491E04 1.03578E05 1.00000E19  0 0 255
2.31774E04 1.47213E05 8.35940E04 -1.31612E04 1.00000E19  0 0 255
-2.35875E04 8.18397E04 1.07560E05 3.10003E04 1.00000E19  0 0 255
-1.34145E05 2.46940E04 1.60139E04 8.69923E04 1.00000E19  0 0 255
3.06032E04 3.12830E04 1.11628E05 -1.09202E05 1.00000E19  0 0 255
-5.40093E03 -1.19753E05 -9.42578E04 4.25107E03 1.00000E19  0 0 255
-8.63457E04 2.58922E04 3.12525E04 1.04221E05 1.00000E19  0 0 255
6.23420E04 9.47924E04 8.10324E04 -5.32925E04 1.00000E19  0 0 255
-5.24174E04 7.29497E04 8.85160E04 6.36024E04 1.00000E19  0 0 255
1.19449E05 3.28276E04 2.45964E04 -8.94984E04 1.00000E19  0 0 255
-5.34966E04 -8.45966E04 -8.72719E04 5.51885E04 1.00000E19  0 0 255
-1.06330E04 -3.54848E04 -1.62590E05 4.87201E04 1.00000E19  0 0 255
3.84854E04 1.30967E05 8.48329E04 -2.49286E04 1.00000E19  0 0 255
1.48630E04 2.43896E04 1.65065E05 -1.00590E05 1.00000E19  0 0 255
-3.25445E04 2.25451E04 9.34942E04 1.34962E05 1.00000E19  0 0 255
5.77456E04 -2.21200E04 -4.69929E04 -1.22678E05 1.00000E19  0 0 255
4.50172E04 1.24182E05 8.45040E04 -3.06334E04 1.00000E19  0 0 255
-1.63896E04 6.35261E04 1.23497E05 3.18620E04 1.00000E19  0 0 255
-7.16691E04 -5.67161E04 -6.70565E04 8.47356E04 1.00000E19  0 0 255
-1.35080E04 1.13855E05 9.58064E04 1.13667E04 1.00000E19  0 0 255
9.75063E04 5.92403E04 5.02180E04 -8.26561E04 1.00000E19  0 0 255
-4.97563E03 -9.82331E04 -1.04030E05 5.26926E03 1.00000E19  0 0 255
-1.07545E05 -1.59662E04 -1.45492E04 9.80003E04 1.00000E19  0 0 255
-3.38424E03 -4.55670E03 -3.48107E05 2.58538E05 1.00000E19  0 0 255
5.51934E04 -3.24679E04 -6.54562E04 -1.11272E05 1.00000E19  0 0 255
2.72418E04 -2.47279E04 -1.14471E05 -1.26109E05 1.00000E19  0 0 255
6.43886E04 -1.39418E05 -7.56813E04 -3.49525E04 1.00000E19  0 0 255
-4.10662E03 -1.04726E05 -1.00831E05 3.95392E03 1.00000E19  0 0 255
5.43975E04 5.96388E03 1.52192E04 -1.38817E05 1.00000E19  0 0 255
5.25880E04 1.15450E05 8.34671E04 -3.80198E04 1.00000E19  0 0 255
-4.03119E04 5.73922E04 1.00942E05 7.09013E04 1.00000E19  0 0 255
1.46641E05 1.39500E04 8.06084E03 -8.47346E04 1.00000E19  0 0 255
5.81987E02 1.16543E05 9.56912E04 -4.77859E02 1.00000E19  0 0 255
2.63716E04 -2.78337E04 -1.21106E05 -1.14744E05 1.00000E19  0 0 255
-1.16536E05 7.97153E04 4.90851E04 7.17576E04 1.00000E19  0 0 255
5.09332E04 -6.03658E04 -8.88421E04 -7.49597E04 1.00000E19  0 0 255
1.25576E04 -7.61578E04 -1.16019E05 -1.91302E04 1.00000E19  0 0 255
1.05961E05 -7.39564E04 -5.20131E04 -7.45220E04 1.00000E19  0 0 255
-2.63307E04 5.65083E03 4.17709E04 1.94637E05 1.00000E19  0 0 255
6.97298E04 8.63263E04 7.62876E04 -6.16211E04 1.00000E19  0 0 255
1.23923E05 6.83984E04 4.19589E04 -7.60202E04 1.00000E19  0 0 255
4.46071E04 9.56810E04 9.11274E04 -4.24842E04 1.00000E19  0 0 255
-1.81835E03 -4.62334E03 -4.31318E05 1.69637E05 1.00000E19  0 0 255
-1.77631E04 -2.59456E04 -1.52016E05 1.04074E05 1.00000E19  0 0 255
1.93563E04 1.11722E04 1.09237E05 -1.89258E05 1.00000E19  0 0 255
2.46797E03 1.10513E05 9.82322E04 -2.19371E03 1.00000E19  0 0 255
-1.90912E04 -5.21925E04 -1.30142E05 4.76039E04 1.00000E19  0 0 255
-5.76876E04 3.69753E04 6.73450E04 1.05069E05 1.00000E19  0 0 255
-1.45690E05 -2.26147E04 -1.30502E04 8.40724E04 1.00000E19  0 0 255
1.09007E04 -7.34614E03 -1.59236E05 -2.36285E05 1.00000E19  0 0 255
-7.53462E04 6.76594E04 6.85890E04 7.63813E04 1.00000E19  0 0 255
1.76912E04 -1.18252E05 -9.34349E04 -1.39785E04 1.00000E19  0 0 255
1.52553E05 -7.12459E03 -3.89979E03 -8.35031E04 1.00000E19  0 0 255
-1.16303E05 1.54310E04 1.25443E04 9.45459E04 1.00000E19  0 0 255
1.11909E04 -1.57772E04 -1.91586E05 -1.35893E05 1.00000E19  0 0 255
1.57592E04 -3.15415E04 -1.55630E05 -7.77584E04 1.00000E19  0 0 255
-3.56906E03 1.57596E05 8.22591E04 1.86292E03 1.00000E19  0 0 255
-5.18538E04 -6.96663E04 -8.89246E04 6.61881E04 1.00000E19  0 0 255
-1.11376E05 -7.63228E04 -5.02566E04 7.33379E04 1.00000E19  0 0 255
-5.95162E04 5.88004E03 1.31337E04 1.32936E05 1.00000E19  0 0 255
1.41264E04 -1.09984E05 -9.73035E04 -1.24977E04 1.00000E19  0 0 255
1.30899E04 9.22073E03 1.48676E05 -2.11063E05 1.00000E19  0 0 255
-6.54108E04 -8.11168E04 -7.87782E04 6.35250E04 1.00000E19  0 0 255
-2.25383E04 9.24986E04 1.02865E05 2.50643E04 1.00000E19  0 0 255
-9.53269E04 -3.57532E04 -3.59538E04 9.58617E04 1.00000E19  0 0 255
-4.04568E04 2.49014E04 7.85637E04 1.27641E05 1.00000E19  0 0 255
1.58700E04 1.24788E05 9.13715E04 -1.16202E04 1.00000E19  0 0 255
6.39290E04 -1.05188E05 -7.95699E04 -4.83592E04 1.00000E19  0 0 255
1.50126E04 -1.56649E05 -8.19749E04 -7.85616E03 1.00000E19  0 0 255
2.16558E04 -9.32948E03 -8.41718E04 -1.95382E05 1.00000E19  0 0 255
3.77908E04 9.93577E04 9.36511E04 -3.56203E04 1.00000E19  0 0 255
-1.71177E04 5.52789E04 1.29723E05 4.01701E04 1.00000E19  0 0 255
-8.34309E04 -1.04692E05 -6.98252E04 5.56451E04 1.00000E19  0 0 255
-6.25891E04 -1.89873E04 -3.70819E04 1.22236E05 1.00000E19  0 0 255
8.16965E02 7.18810E03 3.81624E05 -4.33735E04 1.00000E19  0 0 255
-2.44472E04 -2.12013E03 -1.80177E04 2.07763E05 1.00000E19  0 0 255
3.44422E03 -3.64931E04 -1.69875E05 -1.60328E04 1.00000E19  0 0 255
-1.75855E04 -7.85213E03 -9.59758E04 2.14946E05 1.00000E19  0 0 255
-4.69673E04 -5.52821E04 -9.24361E04 7.85332E04 1.00000E19  0 0 255
-4.08997E04 -1.73050E04 -6.04051E04 1.42765E05 1.00000E19  0 0 255
-1.64307E04 -3.27321E04 -1.52559E05 7.65810E04 1.00000E19  0 0 255
2.60374E02 4.55556E03 4.82825E05 -2.75959E04 1.00000E19  0 0 255
4.16283E04 1.39938E05 8.19475E04 -2.43775E04 1.00000E19  0 0 255
2.58338E04 -3.47038E04 -1.25984E05 -9.37839E04 1.00000E19  0 0 255
-6.70029E04 1.02782E05 7.81288E04 5.09316E04 1.00000E19  0 0 255
-8.08100E04 -8.61437E03 -1.21470E04 1.13949E05 1.00000E19  0 0 255
-5.70002E03 5.75243E03 2.57865E05 2.55516E05 1.00000E19  0 0 255
3.00941E04 1.18135E04 6.63892E04 -1.69122E05 1.00000E19  0 0 255
1.47561E05 5.33939E04 2.80595E04 -7.75461E04 1.00000E19  0 0 255
8.12043E04 3.66900E04 4.50602E04 -9.97297E04 1.00000E19  0 0 255
1.54717E04 -1.42807E04 -1.52700E05 -1.65436E05 1.00000E19  0 0 255
-3.52777E04 -9.31754E03 -4.36726E04 1.65352E05 1.00000E19  0 0 255
-1.35302E04 -3.21426E04 -1.61230E05 6.78689E04 1.00000E19  0 0 255
1.30597E04 -1.19328E05 -9.37290E04 -1.02580E04 1.00000E19  0 0 255
-1.19389E05 8.86730E04 5.05096E04 6.80061E04 1.00000E19  0 0 255
1.41943E04 -3.65598E02 -7.05895E03 -2.74063E05 1.00000E19  0 0 255
-7.60290E03 3.62593E03 1.53222E05 3.21278E05 1.00000E19  0 0 255
6.55419E04 3.62610E04 5.77837E04 -1.04444E05 1.00000E19  0 0 255
2.94236E04 -4.91297E03 -3.11506E04 -1.86560E05 1.00000E19  0 0 255
-5.30994E04 4.54570E02 1.21357E03 1.41760E05 1.00000E19  0 0 255
-5.83212E03 2.76730E03 1.74300E05 3.67341E05 1.00000E19  0 0 255
9.67550E04 4.27506E04 4.05945E04 -9.18753E04 1.00000E19  0 0 255
-1.68572E04 1.41245E05 8.60062E04 1.02646E04 1.00000E19  0 0 255
1.14760E04 5.98370E04 1.29979E05 -2.49284E04 1.00000E19  0 0 255
1.32082E05 -4.38334E04 -2.75824E04 -8.31131E04 1.00000E19  0 0 255
8.81677E02 -2.24616E02 -2.67372E05 -1.04951E06 1.00000E19  0 0 255
2.41445E04 -2.63100E04 -1.27370E05 -1.16887E05 1.00000E19  0 0 255
-8.97186E04 5.02809E04 4.98007E04 8.88618E04 1.00000E19  0 0 255
3.70645E04 -1.16461E04 -4.96818E04 -1.58116E05 1.00000E19  0 0 255
-2.25431E04 -5.36893E03 -4.97187E04 2.08759E05 1.00000E19  0 0 255
2.41451E04 5.08627E04 1.24373E05 -5.90416E04 1.00000E19  0 0 255
-5.13884E04 -1.32501E04 -3.54063E04 1.37317E05 1.00000E19  0 0 255
-6.11519E03 8.99301E04 1.08559E05 7.38197E03 1.00000E19  0 0 255
-1.79148E04 -7.43335E04 -1.14853E05 2.76801E04 1.00000E19  0 0 255
-3.15110E04 -9.10792E04 -9.94461E04 3.44057E04 1.00000E19  0 0 255
-1.05950E05 1.07529E03 1.01851E03 1.00355E05 1.00000E19  0 0 255
-3.04627E04 -6.74301E04 -1.09446E05 4.94442E04 1.00000E19  0 0 255
8.87447E04 5.63368E04 5.40019E04 -8.50667E04 1.00000E19  0 0 255
-8.47803E04 -1.08266E05 -6.93601E04 5.43143E04 1.00000E19  0 0 255
-1.04048E05 1.40982E04 1.35367E04 9.99036E04 1.00000E19  0 0 255
-8.30115E03 -9.12614E04 -1.07472E05 9.77568E03 1.00000E19  0 0 255
-8.47351E04 5.04761E04 5.32348E04 8.93661E04 1.00000E19  0 0 255
-1.53345E04 1.40012E05 8.65279E04 9.47675E03 1.00000E19  0 0 255
5.42378E04 -8.64659E04 -8.66217E04 -5.43355E04 1.00000E19  0 0 255
1.70279E03 -1.45359E03 -4.48260E05 -5.25108E05 1.00000E19  0 0 255
3.55555E03 3.85399E03 3.31582E05 -3.05905E05 1.00000E19  0 0 255
-9.44341E03 3.04311E04 1.74790E05 5.42411E04 1.00000E19  0 0 255
2.49809E04 -8.71751E03 -6.61718E04 -1.89622E05 1.00000E19  0 0 255
-1.03445E05 4.27912E04 3.73217E04 9.02231E04 1.00000E19  0 0 255
-5.48690E04 -5.61797E03 -1.41682E04 1.38377E05 1.00000E19  0 0 255
-5.71543E04 7.34007E04 8.45084E04 6.58035E04 1.00000E19  0 0 255
8.85243E03 1.35626E03 5.22776E04 -3.41220E05 1.00000E19  0 0 255
-5.39905E04 2.03280E04 4.79247E04 1.27287E05 1.00000E19  0 0 255
1.25213E05 6.58575E04 4.04300E04 -7.68683E04 1.00000E19  0 0 255
-2.40889E04 6.32355E04 1.17356E05 4.47056E04 1.00000E19  0 0 255
-6.22650E04 8.78107E04 8.12221E04 5.75931E04 1.00000E19  0 0 255
-5.91353E04 1.05728E05 8.19164E04 4.58172E04 1.00000E19  0 0 255
3.75820E04 9.24560E04 9.57958E04 -3.89396E04 1.00000E19  0 0 255
3.08931E04 -3.62006E04 -1.13909E05 -9.72082E04 1.00000E19  0 0 255
-7.84277E04 8.20577E04 7.00963E04 6.69954E04 1.00000E19  0 0 255
8.41918E04 5.94209E04 5.86808E04 -8.31432E04 1.00000E19  0 0 255
4.43099E04 7.41594E04 9.54124E04 -5.70084E04 1.00000E19  0 0 255
8.74712E04 -6.26725E04 -5.80022E04 -8.09531E04 1.00000E19  0 0 255
-1.19149E05 -9.65153E04 -5.25117E04 6.48262E04 1.00000E19  0 0 255
1.10083E04 7.13815E04 1.20136E05 -1.85272E04 1.00000E19  0 0 255
