843
2.83800E06
0.00000E00 0.00000E00 0.00000E00 0.00000E00 1.60000E24  255 255 0
4.30668E04 -3.34133E04 -2.71234E04 -3.49596E04 1.00000E19  255 255 0
-1.53645E05 -3.55766E05 -1.52348E04 6.57945E03 1.00000E19  255 255 0
5.76827E04 -1.34600E04 -9.64564E03 -4.13362E04 1.00000E19  255 255 0
2.85189E04 -1.86357E04 -3.06162E04 -4.68532E04 1.00000E19  255 255 0
9.64300E04 -1.43947E05 -2.06193E04 -1.38128E04 1.00000E19  255 255 0
-9.64591E04 3.88911E04 1.19783E04 2.97091E04 1.00000E19  255 255 0
-2.62382E05 8.86382E04 6.28264E03 1.85976E04 1.00000E19  255 255 0
7.78011E04 9.68791E04 2.28506E04 -1.83507E04 1.00000E19  255 255 0
-1.23416E04 3.87495E04 4.88111E04 1.55462E04 1.00000E19  255 255 0
-5.87571E04 4.06914E05 1.59459E04 2.30255E03 1.00000E19  255 255 0
-2.27051E05 2.08408E05 1.25832E04 1.37089E04 1.00000E19  255 255 0
1.01399E05 -2.64101E05 -1.81321E04 -6.96168E03 1.00000E19  255 255 0
8.62890E03 -1.15040E05 -3.03300E04 -2.27499E03 1.00000E19  255 255 0
-2.04521E05 -1.74482E05 -1.29313E04 1.51576E04 1.00000E19  255 255 0
-6.04583E04 -3.08041E04 -1.80042E04 3.53363E04 1.00000E19  255 255 0
6.79677E04 -3.02919E05 -1.80909E04 -4.05918E03 1.00000E19  255 255 0
3.47976E05 -2.18661E05 -8.57377E03 -1.36443E04 1.00000E19  255 255 0
1.22383E05 -5.70509E04 -1.18782E04 -2.54807E04 1.00000E19  255 255 0
1.36041E05 3.40172E05 1.58471E04 -6.33752E03 1.00000E19  255 255 0
1.04652E05 7.38334E04 1.66408E04 -2.35868E04 1.00000E19  255 255 0
2.13932E05 -2.53640E05 -1.37088E04 -1.15627E04 1.00000E19  255 255 0
2.41025E05 -3.96819E05 -1.29581E04 -7.87065E03 1.00000E19  255 255 0
-1.25062E05 -1.63594E05 -1.80858E04 1.38260E04 1.00000E19  255 255 0
7.98873E04 1.13831E05 2.26751E04 -1.59135E04 1.00000E19  255 255 0
5.20374E03 2.51694E03 5.91630E04 -1.22319E05 1.00000E19  255 255 0
1.31149E05 1.48770E05 1.74010E04 -1.53399E04 1.00000E19  255 255 0
9.03335E03 -4.89321E04 -4.55418E04 -8.40746E03 1.00000E19  255 255 0
-1.05149E05 -3.20888E05 -1.68937E04 5.53577E03 1.00000E19  255 255 0
3.22368E05 -2.18035E05 -9.27738E03 -1.37167E04 1.00000E19  255 255 0
1.01194E03 2.14366E03 1.91875E05 -9.05766E04 1.00000E19  255 255 0
8.80543E04 -8.29607E04 -2.03670E04 -2.16175E04 1.00000E19  255 255 0
-3.73898E05 4.85200E04 2.16508E03 1.66843E04 1.00000E19  255 255 0
6.43219E03 6.86442E03 7.77220E04 -7.28281E04 1.00000E19  255 255 0
3.40797E05 3.03859E05 1.01744E04 -1.14112E04 1.00000E19  255 255 0
-4.00839E05 -6.70968E04 -2.67527E03 1.59822E04 1.00000E19  255 255 0
6.58228E03 -8.77835E04 -3.47208E04 -2.60348E03 1.00000E19  255 255 0
3.09686E04 -3.49860E04 -3.57862E04 -3.16769E04 1.00000E19  255 255 0
9.30779E04 -1.69297E05 -2.05955E04 -1.13232E04 1.00000E19  255 255 0
-9.49261E04 1.43926E05 2.07689E04 1.36981E04 1.00000E19  255 255 0
6.49712E03 5.89685E04 4.21582E04 -4.64497E03 1.00000E19  255 255 0
-3.00072E02 -2.48552E05 -2.07212E04 2.50163E01 1.00000E19  255 255 0
-1.06893E04 -3.22513E04 -5.31987E04 1.76321E04 1.00000E19  255 255 0
1.05259E05 5.88183E04 1.45123E04 -2.59705E04 1.00000E19  255 255 0
1.05432E05 -4.55746E04 -1.20945E04 -2.79794E04 1.00000E19  255 255 0
-2.67875E05 3.64107E05 1.23766E04 9.10552E03 1.00000E19  255 255 0
-3.72513E05 8.09166E04 3.55166E03 1.63507E04 1.00000E19  255 255 0
-1.10656E04 -2.11478E04 -5.92471E04 3.10011E04 1.00000E19  255 255 0
3.95783E04 2.62564E05 1.98238E04 -2.98819E03 1.00000E19  255 255 0
3.28288E05 1.86875E05 8.31508E03 -1.46073E04 1.00000E19  255 255 0
2.05816E04 -4.03149E04 -4.32463E04 -2.20782E04 1.00000E19  255 255 0
2.50407E05 3.25341E05 1.27766E04 -9.83381E03 1.00000E19  255 255 0
3.00390E05 -9.77868E04 -5.68941E03 -1.74772E04 1.00000E19  255 255 0
2.38059E05 3.32483E05 1.31350E04 -9.40476E03 1.00000E19  255 255 0
-7.66112E04 -2.48613E04 -1.12356E04 3.46230E04 1.00000E19  255 255 0
-4.12953E05 -1.08246E05 -4.00902E03 1.52942E04 1.00000E19  255 255 0
-2.42127E04 9.82097E04 3.15374E04 7.77527E03 1.00000E19  255 255 0
-1.29800E04 3.71817E04 4.91475E04 1.71572E04 1.00000E19  255 255 0
9.03489E03 2.37047E05 2.11950E04 -8.07831E02 1.00000E19  255 255 0
1.00560E04 2.09499E05 2.25311E04 -1.08150E03 1.00000E19  255 255 0
8.25125E04 -1.62102E03 -7.06328E02 -3.59532E04 1.00000E19  255 255 0
-1.93174E05 1.62121E05 1.32243E04 1.57573E04 1.00000E19  255 255 0
3.35337E05 1.04091E05 5.16832E03 -1.66502E04 1.00000E19  255 255 0
-7.68387E04 1.12270E05 2.31129E04 1.58187E04 1.00000E19  255 255 0
2.53716E05 -3.51895E04 -2.80418E03 -2.02182E04 1.00000E19  255 255 0
1.26397E05 9.27325E03 2.12325E03 -2.89405E04 1.00000E19  255 255 0
1.43810E05 -1.26975E05 -1.56106E04 -1.76803E04 1.00000E19  255 255 0
3.08604E05 -5.99636E04 -3.51429E03 -1.80864E04 1.00000E19  255 255 0
-1.47550E05 9.92351E04 1.36719E04 2.03285E04 1.00000E19  255 255 0
7.96469E04 -3.11590E05 -1.76488E04 -4.51130E03 1.00000E19  255 255 0
3.51514E05 1.79423E05 7.47601E03 -1.46465E04 1.00000E19  255 255 0
-9.40668E03 -1.38941E04 -6.60401E04 4.47108E04 1.00000E19  255 255 0
1.11958E05 -1.50048E05 -1.91358E04 -1.42782E04 1.00000E19  255 255 0
1.83316E05 -1.05662E04 -1.38727E03 -2.40681E04 1.00000E19  255 255 0
-1.02447E05 7.15933E04 1.67385E04 2.39519E04 1.00000E19  255 255 0
6.42958E03 1.79272E05 2.43752E04 -8.74214E02 1.00000E19  255 255 0
1.74232E05 1.77427E05 1.47811E04 -1.45149E04 1.00000E19  255 255 0
-3.87722E05 -1.63454E05 -6.18664E03 1.46751E04 1.00000E19  255 255 0
1.31699E04 -2.71660E03 -1.79970E04 -8.72487E04 1.00000E19  255 255 0
2.88222E05 -2.67104E05 -1.12017E04 -1.20873E04 1.00000E19  255 255 0
8.40019E03 -3.84037E04 -5.08995E04 -1.11335E04 1.00000E19  255 255 0
1.11945E05 -1.87087E05 -1.89854E04 -1.13600E04 1.00000E19  255 255 0
-7.92759E04 5.72656E04 1.93436E04 2.67783E04 1.00000E19  255 255 0
3.60674E05 8.24617E04 3.78536E03 -1.65565E04 1.00000E19  255 255 0
-2.48869E05 -1.59333E04 -1.32173E03 2.06445E04 1.00000E19  255 255 0
-1.94066E04 1.44460E04 3.96585E04 5.32765E04 1.00000E19  255 255 0
-2.34182E04 1.25006E05 2.84723E04 5.33392E03 1.00000E19  255 255 0
-1.39922E05 -3.57771E05 -1.55225E04 6.07075E03 1.00000E19  255 255 0
2.27800E05 -3.85659E05 -1.32904E04 -7.85031E03 1.00000E19  255 255 0
6.65223E04 -2.57168E04 -1.39483E04 -3.60804E04 1.00000E19  255 255 0
1.09879E05 -2.16270E05 -1.86995E04 -9.50059E03 1.00000E19  255 255 0
2.27331E04 1.33700E04 3.22483E04 -5.48321E04 1.00000E19  255 255 0
2.62273E05 -2.11905E05 -1.11807E04 -1.38383E04 1.00000E19  255 255 0
3.76969E05 1.74203E05 6.72477E03 -1.45521E04 1.00000E19  255 255 0
4.54466E04 1.59037E05 2.44234E04 -6.97925E03 1.00000E19  255 255 0
-2.20752E05 -3.51928E05 -1.35777E04 8.51678E03 1.00000E19  255 255 0
2.20134E05 4.02195E05 1.33830E04 -7.32494E03 1.00000E19  255 255 0
-2.21037E05 2.88646E05 1.36028E04 1.04166E04 1.00000E19  255 255 0
3.35526E05 9.03752E04 4.55794E03 -1.69218E04 1.00000E19  255 255 0
3.48566E05 2.95884E05 9.88697E03 -1.16474E04 1.00000E19  255 255 0
-4.16219E05 7.15415E04 2.69286E03 1.56667E04 1.00000E19  255 255 0
2.43069E03 3.77522E03 1.29625E05 -8.34594E04 1.00000E19  255 255 0
1.27166E05 -5.87449E04 -1.15753E04 -2.50573E04 1.00000E19  255 255 0
-4.71110E04 -8.25087E04 -2.91045E04 1.66182E04 1.00000E19  255 255 0
-4.12283E05 -8.90789E04 -3.35926E03 1.55476E04 1.00000E19  255 255 0
4.81143E04 -3.54312E03 -3.45411E03 -4.69055E04 1.00000E19  255 255 0
3.92071E05 2.31951E05 7.79333E03 -1.31732E04 1.00000E19  255 255 0
4.32815E05 4.52983E04 1.63006E03 -1.55748E04 1.00000E19  255 255 0
8.20522E04 2.65940E03 1.16796E03 -3.60359E04 1.00000E19  255 255 0
-7.28123E04 5.69477E04 2.09328E04 2.67643E04 1.00000E19  255 255 0
-5.52060E04 3.75572E04 2.24876E04 3.30549E04 1.00000E19  255 255 0
-2.09595E05 -1.85333E04 -1.98366E03 2.24334E04 1.00000E19  255 255 0
1.87928E04 -1.67203E05 -2.50272E04 -2.81294E03 1.00000E19  255 255 0
-7.65575E04 -2.62287E05 -1.89716E04 5.53752E03 1.00000E19  255 255 0
-3.06142E05 -1.68863E05 -8.43826E03 1.52983E04 1.00000E19  255 255 0
-4.27425E05 -1.67929E05 -5.57446E03 1.41885E04 1.00000E19  255 255 0
3.37117E03 -2.10951E04 -6.97939E04 -1.11536E04 1.00000E19  255 255 0
2.44391E04 1.59046E04 3.29986E04 -5.07058E04 1.00000E19  255 255 0
2.72638E05 7.17588E04 4.95223E03 -1.88154E04 1.00000E19  255 255 0
-2.79398E04 8.81748E04 3.23807E04 1.02604E04 1.00000E19  255 255 0
2.00247E05 -1.75468E05 -1.31944E04 -1.50578E04 1.00000E19  255 255 0
1.91794E03 -1.21106E05 -2.96797E04 -4.70036E02 1.00000E19  255 255 0
2.95193E04 -4.24412E04 -3.72996E04 -2.59432E04 1.00000E19  255 255 0
1.34090E05 3.29192E04 6.62851E03 -2.69999E04 1.00000E19  255 255 0
-8.70835E04 7.21385E04 1.95975E04 2.36575E04 1.00000E19  255 255 0
8.51739E04 4.45196E05 1.50709E04 -2.88332E03 1.00000E19  255 255 0
3.04891E04 -4.55136E04 -3.66696E04 -2.45646E04 1.00000E19  255 255 0
4.35863E04 5.42998E03 6.09367E03 -4.89138E04 1.00000E19  255 255 0
1.54088E05 4.24418E05 1.44509E04 -5.24652E03 1.00000E19  255 255 0
6.67681E04 3.35817E04 1.69792E04 -3.37585E04 1.00000E19  255 255 0
-7.11313E04 -1.36578E05 -2.33486E04 1.21602E04 1.00000E19  255 255 0
-2.68295E05 9.08605E04 6.22607E03 1.83845E04 1.00000E19  255 255 0
2.62037E05 -3.07896E05 -1.23726E04 -1.05298E04 1.00000E19  255 255 0
-1.65045E05 -8.22324E04 -1.07285E04 2.15326E04 1.00000E19  255 255 0
-3.94437E05 9.78746E04 3.90269E03 1.57279E04 1.00000E19  255 255 0
7.09030E04 -4.03122E04 -1.78784E04 -3.14455E04 1.00000E19  255 255 0
1.91210E05 -3.50756E04 -4.22748E03 -2.30456E04 1.00000E19  255 255 0
1.97633E05 -3.16062E04 -3.64652E03 -2.28017E04 1.00000E19  255 255 0
-4.49268E04 3.23396E05 1.79073E04 2.48771E03 1.00000E19  255 255 0
-1.04864E04 -1.14374E04 -6.11275E04 5.60450E04 1.00000E19  255 255 0
-1.21172E05 1.24644E03 3.05248E02 2.96747E04 1.00000E19  255 255 0
-2.30825E05 -9.44230E04 -7.83211E03 1.91463E04 1.00000E19  255 255 0
-1.07669E04 -1.71750E04 -6.14769E04 3.85395E04 1.00000E19  255 255 0
4.03260E05 1.55772E05 5.66154E03 -1.46565E04 1.00000E19  255 255 0
8.91623E04 2.03506E05 2.00742E04 -8.79513E03 1.00000E19  255 255 0
-2.15783E05 -3.11224E05 -1.37953E04 9.56482E03 1.00000E19  255 255 0
1.75447E04 -1.22071E04 -4.03570E04 -5.80034E04 1.00000E19  255 255 0
4.13305E05 -2.29343E05 -7.29066E03 -1.31387E04 1.00000E19  255 255 0
9.66708E04 5.73812E04 1.57267E04 -2.64950E04 1.00000E19  255 255 0
1.10802E05 9.02094E04 1.72550E04 -2.11939E04 1.00000E19  255 255 0
-8.77351E03 -8.96535E04 -3.42559E04 3.35228E03 1.00000E19  255 255 0
-1.34144E05 -1.92706E05 -1.74975E04 1.21801E04 1.00000E19  255 255 0
4.14304E03 -3.00408E04 -5.87665E04 -8.10472E03 1.00000E19  255 255 0
3.73604E05 2.67913E05 8.87878E03 -1.23815E04 1.00000E19  255 255 0
-7.84743E04 -1.74827E05 -2.15293E04 9.66382E03 1.00000E19  255 255 0
3.86240E03 -2.19806E05 -2.20294E04 -3.87096E02 1.00000E19  255 255 0
3.28924E05 -3.12617E05 -1.05648E04 -1.11159E04 1.00000E19  255 255 0
1.35782E05 2.39815E05 1.71243E04 -9.69568E03 1.00000E19  255 255 0
-1.70734E05 3.24937E05 1.50943E04 7.93112E03 1.00000E19  255 255 0
-2.69679E05 -2.37969E05 -1.13973E04 1.29161E04 1.00000E19  255 255 0
1.29908E05 -2.77776E04 -5.92651E03 -2.77168E04 1.00000E19  255 255 0
5.59218E04 -7.93920E04 -2.71022E04 -1.90901E04 1.00000E19  255 255 0
1.03969E05 4.10773E04 1.13533E04 -2.87359E04 1.00000E19  255 255 0
3.20294E04 -9.39160E04 -3.10395E04 -1.05858E04 1.00000E19  255 255 0
5.67267E04 -4.44061E04 -2.37247E04 -3.03072E04 1.00000E19  255 255 0
-2.59571E05 3.56470E05 1.25760E04 9.15748E03 1.00000E19  255 255 0
1.29396E05 3.36432E05 1.60597E04 -6.17676E03 1.00000E19  255 255 0
1.11661E05 -1.39306E05 -1.90771E04 -1.52912E04 1.00000E19  255 255 0
1.40080E05 2.66927E05 1.66606E04 -8.74329E03 1.00000E19  255 255 0
3.14227E05 2.45150E05 1.00656E04 -1.29019E04 1.00000E19  255 255 0
-4.09665E05 7.12203E04 2.74400E03 1.57837E04 1.00000E19  255 255 0
2.31514E05 1.07219E05 8.59477E03 -1.85584E04 1.00000E19  255 255 0
4.38658E04 -1.65775E03 -1.86204E03 -4.92714E04 1.00000E19  255 255 0
1.09656E05 1.82173E05 1.91942E04 -1.15536E04 1.00000E19  255 255 0
-1.72584E05 1.83104E05 1.49867E04 1.41256E04 1.00000E19  255 255 0
1.62400E05 -3.02833E05 -1.55307E04 -8.32859E03 1.00000E19  255 255 0
1.42352E05 -1.08397E05 -1.47957E04 -1.94304E04 1.00000E19  255 255 0
-5.99066E03 -5.55148E04 -4.34658E04 4.69044E03 1.00000E19  255 255 0
-1.24547E05 -2.62932E05 -1.73087E04 8.19887E03 1.00000E19  255 255 0
-4.44747E05 6.61605E04 2.26685E03 1.52383E04 1.00000E19  255 255 0
-7.57958E04 3.93212E05 1.60297E04 3.08991E03 1.00000E19  255 255 0
-6.14223E04 6.59309E04 2.51803E04 2.34584E04 1.00000E19  255 255 0
-1.06680E05 3.21981E05 1.68376E04 5.57872E03 1.00000E19  255 255 0
9.43744E04 -4.52443E05 -1.48754E04 -3.10284E03 1.00000E19  255 255 0
2.59933E04 1.35776E05 2.72890E04 -5.22427E03 1.00000E19  255 255 0
-3.18642E05 -2.11959E05 -9.24882E03 1.39040E04 1.00000E19  255 255 0
-4.37136E04 4.13586E05 1.59302E04 1.68373E03 1.00000E19  255 255 0
-1.15594E05 3.72024E04 9.08215E03 2.82197E04 1.00000E19  255 255 0
-3.01153E04 1.30164E05 2.75354E04 6.37070E03 1.00000E19  255 255 0
3.00906E05 -1.03944E05 -5.97804E03 -1.73057E04 1.00000E19  255 255 0
-1.15496E05 1.60753E05 1.88572E04 1.35483E04 1.00000E19  255 255 0
-1.15764E05 3.99891E05 1.53794E04 4.45215E03 1.00000E19  255 255 0
-1.31788E05 2.22874E05 1.74754E04 1.03334E04 1.00000E19  255 255 0
9.68670E03 -1.03175E05 -3.19505E04 -2.99971E03 1.00000E19  255 255 0
2.64837E04 -4.81009E04 -3.86191E04 -2.12631E04 1.00000E19  255 255 0
3.15268E05 -2.62129E04 -1.52186E03 -1.83037E04 1.00000E19  255 255 0
-1.64520E05 3.39037E04 5.08739E03 2.46869E04 1.00000E19  255 255 0
2.01322E05 4.08697E05 1.37297E04 -6.76316E03 1.00000E19  255 255 0
-1.61429E04 1.51801E05 2.62920E04 2.79595E03 1.00000E19  255 255 0
-3.61445E05 -1.68568E04 -8.00069E02 1.71551E04 1.00000E19  255 255 0
-1.59872E04 -1.52986E04 -4.80140E04 5.01753E04 1.00000E19  255 255 0
3.53020E05 3.09263E05 9.93662E03 -1.13426E04 1.00000E19  255 255 0
-1.86460E05 3.18642E05 1.46742E04 8.58692E03 1.00000E19  255 255 0
-4.12486E04 -1.52623E05 -2.50813E04 6.77859E03 1.00000E19  255 255 0
-7.48016E04 1.42912E03 7.21450E02 3.77614E04 1.00000E19  255 255 0
-2.01268E05 3.44470E05 1.41215E04 8.25096E03 1.00000E19  255 255 0
8.94464E04 4.62750E04 1.49581E04 -2.89129E04 1.00000E19  255 255 0
-8.43646E04 -7.88952E04 -2.07616E04 2.22009E04 1.00000E19  255 255 0
6.77560E04 -3.73899E05 -1.64900E04 -2.98823E03 1.00000E19  255 255 0
-1.01664E04 -1.22759E05 -2.93339E04 2.42931E03 1.00000E19  255 255 0
2.80760E05 3.70855E05 1.20766E04 -9.14273E03 1.00000E19  255 255 0
-3.29022E05 2.15989E05 9.03654E03 1.37656E04 1.00000E19  255 255 0
7.21661E04 -9.12871E04 -2.37568E04 -1.87807E04 1.00000E19  255 255 0
-2.66253E05 9.87488E03 7.41763E02 1.99999E04 1.00000E19  255 255 0
1.27488E05 -1.22330E05 -1.70158E04 -1.77333E04 1.00000E19  255 255 0
4.47069E04 3.87109E04 2.78075E04 -3.21147E04 1.00000E19  255 255 0
-3.94367E05 -1.56641E04 -6.52624E02 1.64308E04 1.00000E19  255 255 0
1.00687E04 -2.94113E05 -1.90320E04 -6.51541E02 1.00000E19  255 255 0
1.15334E03 1.33065E05 2.83182E04 -2.45448E02 1.00000E19  255 255 0
-5.16056E04 -2.96305E04 -2.10867E04 3.67254E04 1.00000E19  255 255 0
3.58630E04 3.41388E05 1.75357E04 -1.84214E03 1.00000E19  255 255 0
3.05015E05 -8.84776E04 -5.10691E03 -1.76054E04 1.00000E19  255 255 0
1.55402E05 9.97695E04 1.29873E04 -2.02292E04 1.00000E19  255 255 0
2.60723E03 1.29449E04 8.81295E04 -1.77502E04 1.00000E19  255 255 0
2.51797E03 3.56295E04 5.45250E04 -3.85334E03 1.00000E19  255 255 0
2.13849E05 -1.70130E04 -1.76884E03 -2.22339E04 1.00000E19  255 255 0
3.85488E04 3.58457E04 3.06613E04 -3.29735E04 1.00000E19  255 255 0
-2.15401E05 5.99407E04 5.85706E03 2.10477E04 1.00000E19  255 255 0
6.37435E04 2.85364E05 1.86450E04 -4.16486E03 1.00000E19  255 255 0
2.68539E04 -2.01828E05 -2.26943E04 -3.01955E03 1.00000E19  255 255 0
-3.12171E05 -2.49478E05 -1.02023E04 1.27661E04 1.00000E19  255 255 0
7.59768E04 6.55494E04 2.13032E04 -2.46921E04 1.00000E19  255 255 0
-3.45068E05 1.70806E05 7.38564E03 1.49207E04 1.00000E19  255 255 0
2.37965E04 -4.34754E03 -1.19372E04 -6.53389E04 1.00000E19  255 255 0
5.29846E04 -1.66555E05 -2.35475E04 -7.49094E03 1.00000E19  255 255 0
3.72548E05 -3.23126E04 -1.45976E03 -1.68303E04 1.00000E19  255 255 0
1.03351E05 -4.56182E05 -1.47316E04 -3.33754E03 1.00000E19  255 255 0
1.19349E05 -8.77622E04 -1.59004E04 -2.16232E04 1.00000E19  255 255 0
-1.42786E05 1.25817E05 1.56556E04 1.77672E04 1.00000E19  255 255 0
-3.48092E04 3.76659E04 3.35008E04 3.09600E04 1.00000E19  255 255 0
4.68255E04 -4.82088E04 -2.85846E04 -2.77644E04 1.00000E19  255 255 0
3.19354E04 -3.93356E04 -3.56302E04 -2.89272E04 1.00000E19  255 255 0
-2.10418E05 -2.14403E05 -1.34520E04 1.32020E04 1.00000E19  255 255 0
-2.97281E05 3.56541E05 1.16453E04 9.70975E03 1.00000E19  255 255 0
1.18559E05 1.14376E05 1.76715E04 -1.83178E04 1.00000E19  255 255 0
-3.72257E04 9.64764E03 1.32162E04 5.09950E04 1.00000E19  255 255 0
3.63427E05 -9.84624E04 -4.40247E03 -1.62496E04 1.00000E19  255 255 0
1.95301E04 1.96539E04 4.40228E04 -4.37456E04 1.00000E19  255 255 0
-3.30599E05 -2.89681E05 -1.02688E04 1.17193E04 1.00000E19  255 255 0
-3.76954E03 -6.66515E03 -1.02760E05 5.81167E04 1.00000E19  255 255 0
1.47698E05 2.07286E05 1.66764E04 -1.18824E04 1.00000E19  255 255 0
-3.35755E05 2.62582E04 1.38793E03 1.77470E04 1.00000E19  255 255 0
1.34116E05 3.64701E05 1.55539E04 -5.71986E03 1.00000E19  255 255 0
-3.44135E05 -2.85815E05 -9.86828E03 1.18819E04 1.00000E19  255 255 0
-6.83232E04 6.84484E04 2.35106E04 2.34676E04 1.00000E19  255 255 0
-3.59395E05 -2.83678E04 -1.35384E03 1.71520E04 1.00000E19  255 255 0
2.50042E05 -2.93211E05 -1.26626E04 -1.07983E04 1.00000E19  255 255 0
-2.00429E05 1.38209E05 1.18854E04 1.72361E04 1.00000E19  255 255 0
-5.90412E04 -3.60377E05 -1.68701E04 2.76385E03 1.00000E19  255 255 0
7.01942E04 -1.46457E04 -7.87957E03 -3.77653E04 1.00000E19  255 255 0
-1.49644E05 -2.34366E05 -1.65118E04 1.05429E04 1.00000E19  255 255 0
-1.43315E05 -2.99443E04 -5.52183E03 2.64277E04 1.00000E19  255 255 0
2.27750E05 9.76773E04 8.17962E03 -1.90720E04 1.00000E19  255 255 0
1.43225E05 -4.16089E05 -1.47251E04 -5.06863E03 1.00000E19  255 255 0
-3.38223E05 3.28604E04 1.71369E03 1.76385E04 1.00000E19  255 255 0
-6.99396E04 -1.62805E04 -8.74015E03 3.75468E04 1.00000E19  255 255 0
-7.40953E03 1.18574E05 2.99129E04 1.86922E03 1.00000E19  255 255 0
7.42190E04 2.66554E04 1.24342E04 -3.46218E04 1.00000E19  255 255 0
-3.86721E04 -1.73653E04 -2.05532E04 4.57714E04 1.00000E19  255 255 0
2.74029E05 5.78361E04 4.03116E03 -1.90998E04 1.00000E19  255 255 0
1.18270E04 1.18377E04 5.64951E04 -5.64441E04 1.00000E19  255 255 0
1.07737E05 -2.86125E05 -1.74847E04 -6.58367E03 1.00000E19  255 255 0
-1.69393E05 -4.91989E04 -6.86050E03 2.36209E04 1.00000E19  255 255 0
-2.49416E04 3.59320E04 4.05775E04 2.81662E04 1.00000E19  255 255 0
-1.83810E05 -3.90260E05 -1.42294E04 6.70195E03 1.00000E19  255 255 0
1.70973E05 1.44243E05 1.40846E04 -1.66946E04 1.00000E19  255 255 0
-1.47155E05 1.91414E05 1.66679E04 1.28139E04 1.00000E19  255 255 0
-9.81951E03 3.00756E05 1.88221E04 6.14532E02 1.00000E19  255 255 0
-4.42078E05 -1.15402E05 -3.86027E03 1.47877E04 1.00000E19  255 255 0
4.41066E05 2.22138E04 7.81926E02 -1.55255E04 1.00000E19  255 255 0
-1.36870E05 1.11755E05 1.55431E04 1.90362E04 1.00000E19  255 255 0
-2.37352E05 -2.65375E05 -1.29047E04 1.15419E04 1.00000E19  255 255 0
-3.07376E05 -5.35569E04 -3.17463E03 1.82199E04 1.00000E19  255 255 0
1.10934E05 3.10100E04 8.19448E03 -2.93146E04 1.00000E19  255 255 0
-6.56873E03 -8.91525E03 -7.90331E04 5.82314E04 1.00000E19  255 255 0
9.27701E04 4.46873E03 1.63095E03 -3.38582E04 1.00000E19  255 255 0
9.27633E04 -1.88830E05 -2.02149E04 -9.93065E03 1.00000E19  255 255 0
1.29418E04 -6.27995E03 -3.76022E04 -7.74913E04 1.00000E19  255 255 0
3.10953E04 -1.13562E05 -2.90374E04 -7.95099E03 1.00000E19  255 255 0
-8.36199E04 3.52924E05 1.66914E04 3.95477E03 1.00000E19  255 255 0
-2.84621E04 4.52415E05 1.53133E04 9.63380E02 1.00000E19  255 255 0
4.20802E04 3.16728E05 1.81168E04 -2.40698E03 1.00000E19  255 255 0
-1.00620E05 1.05651E05 1.95847E04 1.86522E04 1.00000E19  255 255 0
1.32390E03 4.44191E03 1.45418E05 -4.33414E04 1.00000E19  255 255 0
-1.47745E05 -7.84317E04 -1.18434E04 2.23099E04 1.00000E19  255 255 0
2.24886E04 4.11602E05 1.60662E04 -8.77805E02 1.00000E19  255 255 0
-1.61935E04 -1.75488E04 -4.91310E04 4.53366E04 1.00000E19  255 255 0
7.34160E04 3.64667E05 1.66048E04 -3.34293E03 1.00000E19  255 255 0
-5.47165E04 -2.62581E05 -1.95275E04 4.06912E03 1.00000E19  255 255 0
-5.33922E03 2.31090E03 5.37971E04 1.24295E05 1.00000E19  255 255 0
-2.61549E05 -2.98706E05 -1.23348E04 1.08004E04 1.00000E19  255 255 0
3.87038E05 -2.27373E05 -7.81018E03 -1.32946E04 1.00000E19  255 255 0
-2.70479E05 -7.72676E02 -5.67436E01 1.98634E04 1.00000E19  255 255 0
9.60871E04 8.93078E04 1.94179E04 -2.08919E04 1.00000E19  255 255 0
-2.85957E05 -3.53916E05 -1.19125E04 9.62503E03 1.00000E19  255 255 0
1.53089E05 2.45718E05 1.62957E04 -1.01527E04 1.00000E19  255 255 0
-4.08875E04 4.32694E05 1.56004E04 1.47417E03 1.00000E19  255 255 0
4.61961E04 2.43391E05 2.03912E04 -3.87030E03 1.00000E19  255 255 0
1.99977E05 -5.84145E04 -6.34604E03 -2.17251E04 1.00000E19  255 255 0
-3.47335E05 -8.62307E04 -4.16083E03 1.67597E04 1.00000E19  255 255 0
-1.47153E04 5.27902E04 4.25081E04 1.18492E04 1.00000E19  255 255 0
-6.72776E04 1.51184E05 2.32017E04 1.03248E04 1.00000E19  255 255 0
-6.04843E04 -1.93231E05 -2.19098E04 6.85812E03 1.00000E19  255 255 0
3.60263E04 -6.44530E04 -3.31852E04 -1.85490E04 1.00000E19  255 255 0
2.30187E05 2.00614E05 1.22832E04 -1.40938E04 1.00000E19  255 255 0
-2.08681E05 3.94206E05 1.36708E04 7.23692E03 1.00000E19  255 255 0
1.21546E04 2.89414E05 1.91774E04 -8.05397E02 1.00000E19  255 255 0
-3.63544E05 -1.84723E05 -7.32826E03 1.44224E04 1.00000E19  255 255 0
3.17819E05 2.13051E04 1.22426E03 -1.82630E04 1.00000E19  255 255 0
-2.72026E05 7.03115E03 5.11701E02 1.97970E04 1.00000E19  255 255 0
6.55537E04 1.27419E05 2.42672E04 -1.24848E04 1.00000E19  255 255 0
3.31447E05 -1.09998E05 -5.50622E03 -1.65914E04 1.00000E19  255 255 0
-1.42786E05 3.22860E05 1.59012E04 7.03238E03 1.00000E19  255 255 0
-3.73613E05 -1.61331E05 -6.41975E03 1.48669E04 1.00000E19  255 255 0
4.35228E04 4.21745E04 2.92021E04 -3.01357E04 1.00000E19  255 255 0
-3.65512E05 -5.28240E04 -2.43147E03 1.68244E04 1.00000E19  255 255 0
-7.33072E03 1.33101E04 7.34072E04 4.04299E04 1.00000E19  255 255 0
-1.52579E04 6.16837E04 3.97827E04 9.84052E03 1.00000E19  255 255 0
7.77634E04 -2.32320E05 -1.97920E04 -6.62486E03 1.00000E19  255 255 0
-6.92311E04 -7.32650E04 -2.36498E04 2.23476E04 1.00000E19  255 255 0
3.91225E05 -1.69530E05 -6.29040E03 -1.45164E04 1.00000E19  255 255 0
-1.25169E05 -2.41202E05 -1.75898E04 9.12798E03 1.00000E19  255 255 0
1.85633E05 3.06064E04 3.87449E03 -2.34995E04 1.00000E19  255 255 0
-2.12507E05 1.84131E05 1.27576E04 1.47236E04 1.00000E19  255 255 0
3.78540E03 4.26882E05 1.58104E04 -1.40200E02 1.00000E19  255 255 0
-3.57490E05 -2.47269E05 -8.91349E03 1.28867E04 1.00000E19  255 255 0
-2.20843E05 -2.89083E05 -1.36105E04 1.03977E04 1.00000E19  255 255 0
-1.37844E05 -1.48881E05 -1.68288E04 1.55813E04 1.00000E19  255 255 0
1.58191E05 -1.27602E05 -1.43868E04 -1.78357E04 1.00000E19  255 255 0
-1.65355E05 -3.92405E05 -1.45887E04 6.14749E03 1.00000E19  255 255 0
-3.83780E04 -3.03023E04 -2.89501E04 3.66655E04 1.00000E19  255 255 0
-1.84430E03 6.62304E03 1.20024E05 3.34227E04 1.00000E19  255 255 0
-8.46665E04 -2.88638E05 -1.80743E04 5.30174E03 1.00000E19  255 255 0
-2.46278E05 -2.59642E05 -1.25291E04 1.18842E04 1.00000E19  255 255 0
-2.91345E05 -1.80015E05 -9.27886E03 1.50173E04 1.00000E19  255 255 0
2.41569E05 -4.57241E04 -3.87473E03 -2.04709E04 1.00000E19  255 255 0
1.84733E05 -1.10333E04 -1.43170E03 -2.39713E04 1.00000E19  255 255 0
-2.74064E04 2.03319E05 2.26031E04 3.04680E03 1.00000E19  255 255 0
2.66653E05 -1.01518E05 -6.88113E03 -1.80743E04 1.00000E19  255 255 0
-3.34592E04 -2.46914E05 -2.05080E04 2.77903E03 1.00000E19  255 255 0
-1.11636E05 -1.13465E05 -1.84574E04 1.81598E04 1.00000E19  255 255 0
6.58421E04 1.47250E05 2.34815E04 -1.04996E04 1.00000E19  255 255 0
7.91973E04 -8.68280E04 -2.22642E04 -2.03075E04 1.00000E19  255 255 0
-2.00602E05 1.49109E05 1.23267E04 1.65837E04 1.00000E19  255 255 0
-1.19875E05 -1.03252E05 -1.69498E04 1.96785E04 1.00000E19  255 255 0
-3.35033E05 -1.48129E05 -6.90198E03 1.56107E04 1.00000E19  255 255 0
2.74637E05 8.10601E04 5.46492E03 -1.85155E04 1.00000E19  255 255 0
4.11135E04 -3.80313E04 -2.96421E04 -3.20445E04 1.00000E19  255 255 0
3.40034E05 -2.30188E05 -9.03741E03 -1.33501E04 1.00000E19  255 255 0
-9.88587E04 -1.44786E05 -2.03758E04 1.39124E04 1.00000E19  255 255 0
2.96062E04 6.55845E04 3.51004E04 -1.58450E04 1.00000E19  255 255 0
1.98270E04 4.07303E05 1.61582E04 -7.86562E02 1.00000E19  255 255 0
-7.29212E04 -5.04410E04 -1.97363E04 2.85322E04 1.00000E19  255 255 0
9.66762E04 6.27846E02 2.15766E02 -3.32238E04 1.00000E19  255 255 0
1.35631E05 2.55279E05 1.69678E04 -9.01513E03 1.00000E19  255 255 0
-3.27807E04 -2.48442E04 -3.07669E04 4.05955E04 1.00000E19  255 255 0
3.45469E04 -1.15801E05 -2.84771E04 -8.49557E03 1.00000E19  255 255 0
-5.20757E04 1.78704E05 2.29883E04 6.69898E03 1.00000E19  255 255 0
2.26631E05 -3.90439E05 -1.32974E04 -7.71849E03 1.00000E19  255 255 0
2.93608E04 2.38409E04 3.34843E04 -4.12371E04 1.00000E19  255 255 0
7.03632E04 -3.68910E05 -1.65586E04 -3.15827E03 1.00000E19  255 255 0
-1.19799E05 -9.56752E04 -1.64644E04 2.06157E04 1.00000E19  255 255 0
-2.68083E05 1.27597E05 8.14796E03 1.71189E04 1.00000E19  255 255 0
-2.02884E05 2.18552E04 2.44934E03 2.27374E04 1.00000E19  255 255 0
2.39983E04 4.62969E05 1.51521E04 -7.85419E02 1.00000E19  255 255 0
1.20633E05 3.88237E05 1.54723E04 -4.80756E03 1.00000E19  255 255 0
-7.10443E04 3.70746E04 1.68833E04 3.23526E04 1.00000E19  255 255 0
2.30465E05 -7.51203E04 -6.50256E03 -1.99495E04 1.00000E19  255 255 0
-2.87599E04 -2.79615E05 -1.93827E04 1.99361E03 1.00000E19  255 255 0
-2.81843E04 6.30693E04 3.58847E04 1.60361E04 1.00000E19  255 255 0
1.19160E05 2.83688E05 1.71703E04 -7.21220E03 1.00000E19  255 255 0
-1.50909E05 -2.97528E04 -5.09516E03 2.58431E04 1.00000E19  255 255 0
-2.24985E05 -2.23554E05 -1.29293E04 1.30120E04 1.00000E19  255 255 0
-3.96076E05 -1.27152E05 -4.89586E03 1.52505E04 1.00000E19  255 255 0
-2.30144E05 -1.74347E05 -1.16093E04 1.53247E04 1.00000E19  255 255 0
1.00796E05 -2.78393E03 -8.98189E02 -3.25202E04 1.00000E19  255 255 0
2.45963E05 3.75990E05 1.28974E04 -8.43713E03 1.00000E19  255 255 0
-4.15084E02 -6.83423E04 -3.95154E04 2.40001E02 1.00000E19  255 255 0
4.65648E04 -1.90815E05 -2.26451E04 -5.52611E03 1.00000E19  255 255 0
8.03568E04 -1.01918E04 -4.56712E03 -3.60092E04 1.00000E19  255 255 0
-3.04516E05 1.13806E05 6.34292E03 1.69720E04 1.00000E19  255 255 0
-8.49809E04 -3.13168E04 -1.18697E04 3.22095E04 1.00000E19  255 255 0
-7.05085E04 7.27127E04 2.33033E04 2.25969E04 1.00000E19  255 255 0
3.36782E05 9.91109E04 4.92229E03 -1.67261E04 1.00000E19  255 255 0
-2.81519E05 7.04107E04 4.65303E03 1.86040E04 1.00000E19  255 255 0
3.59314E05 -3.39471E04 -1.61741E03 -1.71195E04 1.00000E19  255 255 0
4.01576E05 1.66456E05 5.99964E03 -1.44742E04 1.00000E19  255 255 0
-1.14573E05 -3.30342E05 -1.65060E04 5.72481E03 1.00000E19  255 255 0
-4.16477E04 2.45225E04 2.38423E04 4.04926E04 1.00000E19  255 255 0
-1.38759E05 -3.69326E05 -1.53960E04 5.78443E03 1.00000E19  255 255 0
-3.77564E05 1.80039E05 6.87495E03 1.44176E04 1.00000E19  255 255 0
-9.33026E04 -9.52465E04 -2.02103E04 1.97978E04 1.00000E19  255 255 0
3.97390E05 3.31602E04 1.36036E03 -1.63025E04 1.00000E19  255 255 0
2.04008E05 -3.62124E05 -1.39608E04 -7.86504E03 1.00000E19  255 255 0
6.50733E04 7.59900E04 2.48077E04 -2.12438E04 1.00000E19  255 255 0
-1.05128E05 -4.04940E05 -1.54590E04 4.01337E03 1.00000E19  255 255 0
-2.70482E05 -1.10618E04 -8.11329E02 1.98385E04 1.00000E19  255 255 0
-8.84407E03 -8.99051E03 -6.55788E04 6.45106E04 1.00000E19  255 255 0
3.66768E05 1.70448E05 6.84596E03 -1.47311E04 1.00000E19  255 255 0
-2.75492E05 -2.29066E04 -1.62808E03 1.95805E04 1.00000E19  255 255 0
-2.78555E05 -1.41362E05 -8.36467E03 1.64826E04 1.00000E19  255 255 0
3.06829E05 1.51437E05 7.81629E03 -1.58367E04 1.00000E19  255 255 0
4.28636E05 1.42816E05 4.85823E03 -1.45811E04 1.00000E19  255 255 0
-9.35559E04 1.36284E05 2.09476E04 1.43800E04 1.00000E19  255 255 0
-2.14467E05 1.91989E05 1.28427E04 1.43463E04 1.00000E19  255 255 0
-2.94139E05 2.03774E05 9.83465E03 1.41959E04 1.00000E19  255 255 0
2.22972E04 2.65155E04 4.24789E04 -3.57209E04 1.00000E19  255 255 0
9.15409E04 7.61171E04 1.91424E04 -2.30213E04 1.00000E19  255 255 0
-2.89362E05 2.08913E05 1.01222E04 1.40201E04 1.00000E19  255 255 0
8.96246E04 3.49090E05 1.66672E04 -4.27909E03 1.00000E19  255 255 0
-5.89713E04 -1.05480E05 -2.59386E04 1.45017E04 1.00000E19  255 255 0
-6.91443E04 6.26210E03 3.53629E03 3.90467E04 1.00000E19  255 255 0
9.97821E04 -3.34731E05 -1.67512E04 -4.99346E03 1.00000E19  255 255 0
-1.89141E05 1.94394E05 1.42171E04 1.38329E04 1.00000E19  255 255 0
-4.66345E04 -1.06058E04 -1.04757E04 4.60621E04 1.00000E19  255 255 0
1.21469E05 3.81648E05 1.55547E04 -4.95066E03 1.00000E19  255 255 0
-2.48290E05 -3.25106E04 -2.68023E03 2.04695E04 1.00000E19  255 255 0
4.92209E03 1.22152E04 8.34960E04 -3.36446E04 1.00000E19  255 255 0
-9.76352E04 7.49823E04 1.79335E04 2.33514E04 1.00000E19  255 255 0
-1.03727E04 5.05192E03 4.21123E04 8.64659E04 1.00000E19  255 255 0
-2.20131E04 2.06622E04 4.06894E04 4.33497E04 1.00000E19  255 255 0
-2.38245E04 3.58054E04 4.14722E04 2.75952E04 1.00000E19  255 255 0
1.42169E03 -1.78442E04 -7.69687E04 -6.13227E03 1.00000E19  255 255 0
-1.50257E05 -5.42991E04 -8.78385E03 2.43067E04 1.00000E19  255 255 0
-1.22629E05 -3.56063E05 -1.59166E04 5.48172E03 1.00000E19  255 255 0
-1.44821E05 -1.32684E05 -1.57466E04 1.71870E04 1.00000E19  255 255 0
4.70625E03 1.27976E04 8.30318E04 -3.05345E04 1.00000E19  255 255 0
1.64663E05 -1.78248E05 -1.54041E04 -1.42301E04 1.00000E19  255 255 0
-2.61669E05 2.12629E05 1.12196E04 1.38073E04 1.00000E19  255 255 0
-3.26987E05 3.27421E04 1.79549E03 1.79312E04 1.00000E19  255 255 0
4.45813E05 8.86008E04 2.98686E03 -1.50290E04 1.00000E19  255 255 0
1.45784E05 -1.00034E05 -1.39005E04 -2.02578E04 1.00000E19  255 255 0
-2.71399E05 -9.79737E04 -6.53010E03 1.80892E04 1.00000E19  255 255 0
1.99515E05 -3.61998E04 -4.09558E03 -2.25728E04 1.00000E19  255 255 0
-6.47954E04 4.80383E04 2.16630E04 2.92197E04 1.00000E19  255 255 0
-2.62003E04 9.29845E02 2.26289E03 6.37616E04 1.00000E19  255 255 0
2.11082E05 -2.46732E05 -1.37758E04 -1.17854E04 1.00000E19  255 255 0
-4.38431E05 1.14987E05 3.89272E03 1.48424E04 1.00000E19  255 255 0
-1.57940E05 9.26368E04 1.22142E04 2.08244E04 1.00000E19  255 255 0
7.09901E04 -4.16139E05 -1.56733E04 -2.67374E03 1.00000E19  255 255 0
-2.75206E05 2.25018E05 1.09674E04 1.34136E04 1.00000E19  255 255 0
-8.67996E04 4.11638E05 1.55846E04 3.28623E03 1.00000E19  255 255 0
1.81381E05 -3.06461E05 -1.48975E04 -8.81720E03 1.00000E19  255 255 0
-1.31279E05 -3.13023E05 -1.63516E04 6.85772E03 1.00000E19  255 255 0
-1.11110E05 -2.61058E05 -1.78454E04 7.59526E03 1.00000E19  255 255 0
-4.11676E04 1.18319E05 2.75660E04 9.59121E03 1.00000E19  255 255 0
-1.11549E05 -4.26914E04 -1.06842E04 2.79169E04 1.00000E19  255 255 0
-8.34868E04 -2.51422E05 -1.90481E04 6.32508E03 1.00000E19  255 255 0
9.31131E04 1.38389E05 2.09864E04 -1.41204E04 1.00000E19  255 255 0
2.18970E04 -4.12931E04 -4.22155E04 -2.23861E04 1.00000E19  255 255 0
-3.51273E04 -4.61831E05 -1.51357E04 1.15123E03 1.00000E19  255 255 0
2.55653E05 -3.88022E05 -1.26549E04 -8.33787E03 1.00000E19  255 255 0
2.78036E05 2.68805E05 1.15464E04 -1.19430E04 1.00000E19  255 255 0
-6.35429E04 -1.39480E04 -8.68370E03 3.95605E04 1.00000E19  255 255 0
-3.85549E05 1.94355E05 7.07697E03 1.40388E04 1.00000E19  255 255 0
-1.12285E04 2.56673E05 2.03615E04 8.90739E02 1.00000E19  255 255 0
5.92188E04 5.21491E04 2.43048E04 -2.75998E04 1.00000E19  255 255 0
-1.12792E05 4.39392E05 1.48563E04 3.81360E03 1.00000E19  255 255 0
6.29962E04 -1.25132E04 -7.94174E03 -3.99817E04 1.00000E19  255 255 0
2.02479E04 -5.53421E04 -3.99646E04 -1.46218E04 1.00000E19  255 255 0
2.00104E04 2.28242E05 2.14996E04 -1.88491E03 1.00000E19  255 255 0
3.66602E05 1.13112E04 5.26053E02 -1.70496E04 1.00000E19  255 255 0
-2.34066E05 -2.08402E05 -1.22710E04 1.37821E04 1.00000E19  255 255 0
-5.26727E04 -8.05328E03 -6.76381E03 4.42388E04 1.00000E19  255 255 0
-1.90379E05 -4.24879E05 -1.38164E04 6.19083E03 1.00000E19  255 255 0
2.30871E05 -1.20485E05 -9.36585E03 -1.79467E04 1.00000E19  255 255 0
1.42120E05 3.32720E04 6.16365E03 -2.63278E04 1.00000E19  255 255 0
2.69515E05 -1.65451E05 -9.61061E03 -1.56555E04 1.00000E19  255 255 0
1.57749E04 -4.48747E05 -1.54071E04 -5.41609E02 1.00000E19  255 255 0
1.40415E05 -7.69313E03 -1.50706E03 -2.75068E04 1.00000E19  255 255 0
-2.85390E04 -1.26500E05 -2.79838E04 6.31328E03 1.00000E19  255 255 0
-1.61769E05 2.21399E05 1.59291E04 1.16389E04 1.00000E19  255 255 0
2.99755E05 -1.30800E05 -7.22453E03 -1.65565E04 1.00000E19  255 255 0
1.05800E05 2.97005E05 1.73312E04 -6.17380E03 1.00000E19  255 255 0
-1.52041E05 8.61968E04 1.21870E04 2.14963E04 1.00000E19  255 255 0
1.18870E05 1.63756E05 1.85849E04 -1.34907E04 1.00000E19  255 255 0
2.56055E04 -3.11877E04 -3.97469E04 -3.26326E04 1.00000E19  255 255 0
9.00718E04 1.23954E04 4.67076E03 -3.39405E04 1.00000E19  255 255 0
7.34437E03 2.56188E04 6.08300E04 -1.74387E04 1.00000E19  255 255 0
3.00058E04 2.88624E03 5.69701E03 -5.92271E04 1.00000E19  255 255 0
-5.72352E04 2.17087E05 2.10822E04 5.55835E03 1.00000E19  255 255 0
-3.36536E05 1.77870E05 7.82415E03 1.48036E04 1.00000E19  255 255 0
-1.50959E05 -3.11645E05 -1.57993E04 7.65310E03 1.00000E19  255 255 0
2.68044E05 -1.25867E05 -8.06905E03 -1.71837E04 1.00000E19  255 255 0
-1.05740E03 8.92969E02 1.79164E05 2.12155E05 1.00000E19  255 255 0
2.11076E05 -7.98462E04 -7.69408E03 -2.03395E04 1.00000E19  255 255 0
-3.96170E05 1.93638E05 6.83147E03 1.39767E04 1.00000E19  255 255 0
-1.06708E04 -2.79978E05 -1.95024E04 7.43293E02 1.00000E19  255 255 0
2.34969E05 -2.11983E05 -1.23011E04 -1.36350E04 1.00000E19  255 255 0
4.28024E04 -3.42642E04 -2.75716E04 -3.44422E04 1.00000E19  255 255 0
1.40093E05 -1.10268E05 -1.51323E04 -1.92252E04 1.00000E19  255 255 0
2.80211E05 -4.84754E04 -3.30225E03 -1.90886E04 1.00000E19  255 255 0
3.09842E05 -3.21597E04 -1.91088E03 -1.84104E04 1.00000E19  255 255 0
-5.15169E03 -2.86051E04 -5.96354E04 1.07402E04 1.00000E19  255 255 0
1.50114E04 9.02156E03 4.02104E04 -6.69077E04 1.00000E19  255 255 0
-1.35168E04 -8.23959E03 -4.27366E04 7.01081E04 1.00000E19  255 255 0
3.01158E05 1.88851E05 9.20518E03 -1.46794E04 1.00000E19  255 255 0
3.78488E05 -5.81496E04 -2.53508E03 -1.65005E04 1.00000E19  255 255 0
2.16223E05 -2.16133E05 -1.32085E04 -1.32140E04 1.00000E19  255 255 0
9.58019E04 -2.62451E05 -1.83593E04 -6.70166E03 1.00000E19  255 255 0
-2.39095E05 -3.27580E05 -1.31028E04 9.56354E03 1.00000E19  255 255 0
-3.86932E05 1.81664E04 7.78436E02 1.65802E04 1.00000E19  255 255 0
6.09643E04 -1.46151E05 -2.39592E04 -9.99417E03 1.00000E19  255 255 0
8.76967E04 1.45591E05 2.14647E04 -1.29293E04 1.00000E19  255 255 0
-4.05746E03 -4.62714E05 -1.51859E04 1.33163E02 1.00000E19  255 255 0
-3.93126E04 -2.41228E05 -2.06239E04 3.36105E03 1.00000E19  255 255 0
-5.45165E04 -1.35565E05 -2.50740E04 1.00833E04 1.00000E19  255 255 0
-3.34077E04 3.28050E04 3.34500E04 3.40646E04 1.00000E19  255 255 0
2.37452E03 7.12335E04 3.86740E04 -1.28917E03 1.00000E19  255 255 0
-2.06477E05 3.53896E05 1.39399E04 8.13309E03 1.00000E19  255 255 0
-6.25447E04 3.51784E05 1.70156E04 3.02526E03 1.00000E19  255 255 0
3.72340E04 -3.49280E05 -1.73323E04 -1.84766E03 1.00000E19  255 255 0
-7.47405E04 -2.56211E04 -1.19178E04 3.47661E04 1.00000E19  255 255 0
-5.01614E04 1.29850E04 1.13732E04 4.39351E04 1.00000E19  255 255 0
1.85213E05 -1.70875E04 -2.20056E03 -2.38521E04 1.00000E19  255 255 0
-2.79934E04 1.61941E05 2.51104E04 4.34063E03 1.00000E19  255 255 0
-4.77098E04 3.69966E04 2.57640E04 3.32246E04 1.00000E19  255 255 0
-6.47222E04 2.51313E05 1.96380E04 5.05750E03 1.00000E19  255 255 0
-9.90604E04 1.32943E05 2.03444E04 1.51593E04 1.00000E19  255 255 0
-2.33538E05 4.02923E05 1.30969E04 7.59111E03 1.00000E19  255 255 0
4.53103E04 3.69580E04 2.70032E04 -3.31058E04 1.00000E19  255 255 0
1.31284E05 -1.84171E05 -1.76881E04 -1.26088E04 1.00000E19  255 255 0
-1.00679E05 -9.41407E04 -1.90045E04 2.03244E04 1.00000E19  255 255 0
1.25057E05 7.26327E04 1.36432E04 -2.34905E04 1.00000E19  255 255 0
-1.46985E05 2.43855E05 1.65810E04 9.99430E03 1.00000E19  255 255 0
2.08987E05 2.14427E05 1.35199E04 -1.31769E04 1.00000E19  255 255 0
1.91513E05 -4.16590E05 -1.38618E04 -6.37248E03 1.00000E19  255 255 0
6.21612E04 -3.61380E05 -1.68129E04 -2.89200E03 1.00000E19  255 255 0
4.07752E04 9.22422E04 2.97524E04 -1.31519E04 1.00000E19  255 255 0
3.53775E05 -7.47959E04 -3.55359E03 -1.68080E04 1.00000E19  255 255 0
2.61201E05 1.45374E05 9.18870E03 -1.65098E04 1.00000E19  255 255 0
-1.33158E05 3.57056E05 1.56797E04 5.84749E03 1.00000E19  255 255 0
3.85883E04 8.25883E04 3.09988E04 -1.44838E04 1.00000E19  255 255 0
-4.69350E04 8.61705E04 2.89615E04 1.57746E04 1.00000E19  255 255 0
2.89300E05 3.46216E05 1.18019E04 -9.86171E03 1.00000E19  255 255 0
5.51348E04 1.23261E05 2.56627E04 -1.14790E04 1.00000E19  255 255 0
-2.00180E05 -1.84890E05 -1.34272E04 1.45377E04 1.00000E19  255 255 0
1.56517E05 -2.09522E05 -1.61836E04 -1.20894E04 1.00000E19  255 255 0
4.09688E04 1.95577E05 2.26191E04 -4.73817E03 1.00000E19  255 255 0
-1.08029E05 2.94843E04 8.12832E03 2.97818E04 1.00000E19  255 255 0
2.94865E05 2.37070E05 1.05235E04 -1.30891E04 1.00000E19  255 255 0
1.87511E05 -3.22193E05 -1.46235E04 -8.51064E03 1.00000E19  255 255 0
1.77750E04 -1.66260E05 -2.51204E04 -2.68564E03 1.00000E19  255 255 0
-1.89739E05 2.05529E05 1.43520E04 1.32494E04 1.00000E19  255 255 0
-2.04657E05 1.06642E05 9.93735E03 1.90707E04 1.00000E19  255 255 0
2.35739E05 6.74301E04 5.73738E03 -2.00582E04 1.00000E19  255 255 0
3.95018E04 -4.52953E05 -1.52626E04 -1.33104E03 1.00000E19  255 255 0
-2.31111E04 -1.51539E05 -2.60839E04 3.97803E03 1.00000E19  255 255 0
2.23465E05 -2.00441E04 -1.94842E03 -2.17224E04 1.00000E19  255 255 0
6.30404E04 7.49676E02 4.89240E02 -4.11403E04 1.00000E19  255 255 0
-7.52321E04 -5.77617E03 -2.87901E03 3.74979E04 1.00000E19  255 255 0
-6.91560E04 1.91480E05 2.15340E04 7.77736E03 1.00000E19  255 255 0
-1.65398E05 -4.83360E04 -6.98081E03 2.38872E04 1.00000E19  255 255 0
-1.10389E04 -9.70796E03 -5.62674E04 6.39816E04 1.00000E19  255 255 0
4.32542E03 8.04542E03 9.52025E04 -5.11833E04 1.00000E19  255 255 0
3.16795E04 -2.28667E05 -2.12975E04 -2.95055E03 1.00000E19  255 255 0
7.36704E04 -4.49182E04 -1.83083E04 -3.00275E04 1.00000E19  255 255 0
-6.00864E04 1.09487E05 2.56264E04 1.40637E04 1.00000E19  255 255 0
-2.68637E04 7.11169E03 1.58593E04 5.99069E04 1.00000E19  255 255 0
3.07341E05 -2.12342E05 -9.60764E03 -1.39060E04 1.00000E19  255 255 0
1.64120E05 -3.98176E05 -1.45538E04 -5.99875E03 1.00000E19  255 255 0
4.20206E04 9.44031E04 2.93597E04 -1.30686E04 1.00000E19  255 255 0
3.53680E04 3.72540E05 1.68118E04 -1.59607E03 1.00000E19  255 255 0
9.20378E04 9.92418E04 2.05885E04 -1.90940E04 1.00000E19  255 255 0
1.72147E05 4.22758E05 1.41614E04 -5.76651E03 1.00000E19  255 255 0
-7.30570E04 5.42232E04 2.04119E04 2.75018E04 1.00000E19  255 255 0
8.88603E04 -4.10929E04 -1.38581E04 -2.99671E04 1.00000E19  255 255 0
-1.99827E05 -3.36075E05 -1.42004E04 8.44346E03 1.00000E19  255 255 0
-4.07506E05 -1.45789E05 -5.28954E03 1.47852E04 1.00000E19  255 255 0
-4.13312E05 2.14188E05 6.96658E03 1.34432E04 1.00000E19  255 255 0
5.40457E04 7.93921E03 6.42399E03 -4.37309E04 1.00000E19  255 255 0
-2.32583E04 -2.05290E05 -2.25832E04 2.55856E03 1.00000E19  255 255 0
1.20743E05 4.53066E05 1.45778E04 -3.88503E03 1.00000E19  255 255 0
-3.77265E05 -1.46950E05 -5.89267E03 1.51283E04 1.00000E19  255 255 0
2.46195E05 1.75726E04 1.48042E03 -2.07409E04 1.00000E19  255 255 0
-1.09492E05 -2.72332E05 -1.76916E04 7.11295E03 1.00000E19  255 255 0
-7.21490E04 5.19454E04 2.02438E04 2.81175E04 1.00000E19  255 255 0
-2.13757E05 -8.20015E04 -7.73296E03 2.01578E04 1.00000E19  255 255 0
-1.69473E05 -1.40465E05 -1.40511E04 1.69528E04 1.00000E19  255 255 0
4.30401E05 7.91379E04 2.82401E03 -1.53588E04 1.00000E19  255 255 0
7.20233E02 -3.02812E03 -1.80141E05 -4.28461E04 1.00000E19  255 255 0
2.30098E05 -2.76483E05 -1.32395E04 -1.10183E04 1.00000E19  255 255 0
3.65130E05 2.97030E05 9.50220E03 -1.16808E04 1.00000E19  255 255 0
-1.14533E05 -4.18848E04 -1.01602E04 2.77827E04 1.00000E19  255 255 0
-8.66634E02 -6.81676E04 -3.95623E04 5.02967E02 1.00000E19  255 255 0
-1.39346E05 2.24730E05 1.70738E04 1.05867E04 1.00000E19  255 255 0
7.73919E04 6.06212E04 2.03173E04 -2.59380E04 1.00000E19  255 255 0
9.63333E03 3.26832E05 1.80584E04 -5.32268E02 1.00000E19  255 255 0
-2.62601E05 1.81884E05 1.04072E04 1.50258E04 1.00000E19  255 255 0
-9.45786E04 -3.80180E05 -1.60166E04 3.98449E03 1.00000E19  255 255 0
2.18978E05 1.16972E05 9.76878E03 -1.82877E04 1.00000E19  255 255 0
-3.29860E05 -1.27837E05 -6.27634E03 1.61949E04 1.00000E19  255 255 0
-2.13128E05 1.32309E05 1.08786E04 1.75237E04 1.00000E19  255 255 0
2.94311E05 3.00001E04 1.92605E03 -1.88952E04 1.00000E19  255 255 0
-2.98705E05 2.17578E04 1.37135E03 1.88269E04 1.00000E19  255 255 0
2.06070E04 1.87877E05 2.36206E04 -2.59079E03 1.00000E19  255 255 0
1.06692E05 -1.06186E05 -1.87830E04 -1.88725E04 1.00000E19  255 255 0
9.13973E04 -4.42190E05 -1.50554E04 -3.11184E03 1.00000E19  255 255 0
-2.80182E05 2.30273E05 1.08919E04 1.32526E04 1.00000E19  255 255 0
4.78554E04 -1.19368E05 -2.67382E04 -1.07195E04 1.00000E19  255 255 0
3.56642E05 -1.22853E05 -5.47819E03 -1.59031E04 1.00000E19  255 255 0
8.05876E04 -2.33286E05 -1.96544E04 -6.78950E03 1.00000E19  255 255 0
-9.11035E03 -1.19619E05 -2.97399E04 2.26503E03 1.00000E19  255 255 0
-3.49242E05 1.34540E05 6.07034E03 1.57575E04 1.00000E19  255 255 0
2.47979E05 -6.84623E04 -5.42032E03 -1.96331E04 1.00000E19  255 255 0
-2.17961E05 -2.92284E05 -1.37149E04 1.02274E04 1.00000E19  255 255 0
1.45020E05 -1.89821E05 -1.67959E04 -1.28318E04 1.00000E19  255 255 0
-3.29745E04 -1.19885E05 -2.82479E04 7.76963E03 1.00000E19  255 255 0
1.70897E05 2.36518E05 1.55011E04 -1.12004E04 1.00000E19  255 255 0
-1.54325E05 3.52268E05 1.52581E04 6.68441E03 1.00000E19  255 255 0
4.91042E04 -4.09335E05 -1.59746E04 -1.91632E03 1.00000E19  255 255 0
-5.57577E04 -2.21725E03 -1.73767E03 4.36974E04 1.00000E19  255 255 0
-8.60984E04 9.75893E04 2.14736E04 1.89452E04 1.00000E19  255 255 0
-2.81005E04 -4.61826E04 -3.79567E04 2.30953E04 1.00000E19  255 255 0
-1.52793E04 1.35729E04 4.79912E04 5.40248E04 1.00000E19  255 255 0
-1.68628E04 3.86820E05 1.65863E04 7.23053E02 1.00000E19  255 255 0
2.26957E03 1.95534E04 7.31396E04 -8.48931E03 1.00000E19  255 255 0
-2.44333E04 -1.95569E03 -5.26467E03 6.57737E04 1.00000E19  255 255 0
-2.18190E05 -3.75188E05 -1.35553E04 7.88305E03 1.00000E19  255 255 0
7.00671E04 -2.60819E04 -1.31802E04 -3.54077E04 1.00000E19  255 255 0
-4.49569E04 -3.13671E05 -1.81661E04 2.60367E03 1.00000E19  255 255 0
-2.91930E05 -1.61796E05 -8.66810E03 1.56399E04 1.00000E19  255 255 0
-2.58309E04 4.73321E04 3.90509E04 2.13116E04 1.00000E19  255 255 0
6.25609E04 -4.42994E05 -1.52930E04 -2.15972E03 1.00000E19  255 255 0
1.91856E05 3.32578E05 1.44413E04 -8.33084E03 1.00000E19  255 255 0
-1.74349E05 -1.57171E05 -1.42768E04 1.58371E04 1.00000E19  255 255 0
-5.14158E04 -2.58580E05 -1.97331E04 3.92372E03 1.00000E19  255 255 0
-1.44384E05 3.57497E04 6.43778E03 2.60006E04 1.00000E19  255 255 0
2.00088E05 -5.10240E04 -5.61752E03 -2.20288E04 1.00000E19  255 255 0
-2.10310E05 1.39016E05 1.13455E04 1.71639E04 1.00000E19  255 255 0
2.06154E05 -3.22354E05 -1.40694E04 -8.99774E03 1.00000E19  255 255 0
-5.79918E04 2.91525E04 1.82122E04 3.62287E04 1.00000E19  255 255 0
-2.36351E04 -1.42144E05 -2.68457E04 4.46379E03 1.00000E19  255 255 0
-3.66222E05 -6.29684E04 -2.87170E03 1.67017E04 1.00000E19  255 255 0
1.46909E03 -3.26090E04 -5.71207E04 -2.57338E03 1.00000E19  255 255 0
-1.05748E05 9.09471E04 1.80366E04 2.09719E04 1.00000E19  255 255 0
-1.86518E04 -8.78922E03 -3.06671E04 6.50795E04 1.00000E19  255 255 0
2.09502E05 -5.89068E03 -6.34231E02 -2.25565E04 1.00000E19  255 255 0
3.80483E03 -1.24926E04 -8.64773E04 -2.63381E04 1.00000E19  255 255 0
1.81137E05 3.21142E05 1.48185E04 -8.35822E03 1.00000E19  255 255 0
-1.51338E05 -2.56498E05 -1.63036E04 9.61941E03 1.00000E19  255 255 0
6.52115E03 3.35272E04 5.48692E04 -1.06722E04 1.00000E19  255 255 0
-1.15336E05 4.53404E05 1.46372E04 3.72339E03 1.00000E19  255 255 0
-1.23968E05 -3.94292E05 -1.53288E04 4.81949E03 1.00000E19  255 255 0
-1.12324E05 1.04436E05 1.79616E04 1.93182E04 1.00000E19  255 255 0
1.49226E05 -1.44837E05 -1.57776E04 -1.62557E04 1.00000E19  255 255 0
8.76427E04 -4.38837E05 -1.51437E04 -3.02444E03 1.00000E19  255 255 0
-4.22146E05 -2.77969E04 -1.04355E03 1.58483E04 1.00000E19  255 255 0
-1.22191E05 -1.23328E05 -1.76125E04 1.74502E04 1.00000E19  255 255 0
-3.48584E04 -3.91535E04 -3.36991E04 3.00023E04 1.00000E19  255 255 0
2.32560E05 -9.20697E04 -7.60349E03 -1.92057E04 1.00000E19  255 255 0
3.94784E04 1.04846E05 2.88842E04 -1.08760E04 1.00000E19  255 255 0
1.76528E05 4.26244E05 1.40518E04 -5.81952E03 1.00000E19  255 255 0
4.40791E04 -7.75246E04 -3.00720E04 -1.70984E04 1.00000E19  255 255 0
-2.01717E03 -1.55049E03 -1.24814E05 1.62382E05 1.00000E19  255 255 0
-1.64322E05 -2.93585E05 -1.55414E04 8.69863E03 1.00000E19  255 255 0
1.06883E05 1.85142E05 1.93499E04 -1.11708E04 1.00000E19  255 255 0
-3.59519E05 -1.25368E05 -5.51250E03 1.58083E04 1.00000E19  255 255 0
-1.40508E05 -3.30495E05 -1.58644E04 6.74463E03 1.00000E19  255 255 0
3.77852E04 1.88604E05 2.30956E04 -4.62701E03 1.00000E19  255 255 0
1.09473E05 -1.82987E05 -1.91981E04 -1.14854E04 1.00000E19  255 255 0
-3.58954E04 -1.02765E05 -2.95599E04 1.03252E04 1.00000E19  255 255 0
3.19357E05 -2.94864E05 -1.06295E04 -1.15124E04 1.00000E19  255 255 0
-2.42172E05 -1.20341E05 -8.84031E03 1.77901E04 1.00000E19  255 255 0
-3.32105E05 -1.06713E04 -5.75563E02 1.79122E04 1.00000E19  255 255 0
3.27894E05 -7.29498E04 -3.87089E03 -1.73988E04 1.00000E19  255 255 0
-2.53075E04 1.87145E04 3.46214E04 4.68182E04 1.00000E19  255 255 0
-1.02264E05 -6.06326E04 -1.52800E04 2.57716E04 1.00000E19  255 255 0
5.17153E04 3.50716E05 1.71648E04 -2.53106E03 1.00000E19  255 255 0
1.58871E05 -1.01582E05 -1.28153E04 -2.00427E04 1.00000E19  255 255 0
5.07851E04 7.98686E04 2.83359E04 -1.80176E04 1.00000E19  255 255 0
1.97204E04 3.14535E05 1.83658E04 -1.15148E03 1.00000E19  255 255 0
-2.03823E05 1.12734E05 1.03600E04 1.87310E04 1.00000E19  255 255 0
-4.08115E05 2.33808E05 7.48787E03 1.30702E04 1.00000E19  255 255 0
7.36800E04 1.62017E05 2.22901E04 -1.01368E04 1.00000E19  255 255 0
2.64221E05 6.37283E04 4.64608E03 -1.92629E04 1.00000E19  255 255 0
-4.47719E03 -2.82773E05 -1.94233E04 3.07532E02 1.00000E19  255 255 0
-1.34429E05 4.28073E05 1.47139E04 4.62067E03 1.00000E19  255 255 0
2.74939E05 1.91752E05 1.02071E04 -1.46352E04 1.00000E19  255 255 0
4.88542E04 1.54191E03 1.47402E03 -4.67033E04 1.00000E19  255 255 0
1.58716E04 -2.83416E04 -5.00104E04 -2.80063E04 1.00000E19  255 255 0
1.05645E05 -1.30732E05 -1.95985E04 -1.58375E04 1.00000E19  255 255 0
3.05068E05 2.76078E04 1.68230E03 -1.85895E04 1.00000E19  255 255 0
2.44980E05 -2.80973E05 -1.27531E04 -1.11195E04 1.00000E19  255 255 0
-1.72614E05 -1.79954E05 -1.49297E04 1.43208E04 1.00000E19  255 255 0
-3.37023E05 -2.50660E05 -9.51276E03 1.27903E04 1.00000E19  255 255 0
1.28846E05 3.13918E05 1.64060E04 -6.73377E03 1.00000E19  255 255 0
2.73250E05 2.68401E05 1.16970E04 -1.19083E04 1.00000E19  255 255 0
-5.67413E03 -2.27976E03 -4.92514E04 1.22583E05 1.00000E19  255 255 0
-1.82949E05 3.79855E04 4.85846E03 2.33997E04 1.00000E19  255 255 0
2.41205E04 6.00065E04 3.76910E04 -1.51505E04 1.00000E19  255 255 0
2.38512E05 2.05503E05 1.20177E04 -1.39480E04 1.00000E19  255 255 0
-2.58959E04 -1.60959E05 -2.52605E04 4.06404E03 1.00000E19  255 255 0
1.10963E03 8.91063E03 1.08182E05 -1.34718E04 1.00000E19  255 255 0
-4.51998E05 -1.35747E05 -4.32533E03 1.44021E04 1.00000E19  255 255 0
4.21788E04 3.58822E05 1.70692E04 -2.00645E03 1.00000E19  255 255 0
1.17257E04 -1.64248E05 -2.53931E04 -1.81281E03 1.00000E19  255 255 0
4.43386E05 -7.59560E04 -2.60070E03 -1.51814E04 1.00000E19  255 255 0
4.11082E05 1.56766E05 5.54951E03 -1.45523E04 1.00000E19  255 255 0
2.86117E05 -1.46382E05 -8.29974E03 -1.62226E04 1.00000E19  255 255 0
3.67010E04 2.33660E05 2.09842E04 -3.29598E03 1.00000E19  255 255 0
9.23197E03 -8.71364E04 -3.47046E04 -3.67690E03 1.00000E19  255 255 0
2.07203E04 2.00111E05 2.29094E04 -2.37214E03 1.00000E19  255 255 0
1.37592E04 2.48179E04 5.36343E04 -2.97352E04 1.00000E19  255 255 0
-3.68046E05 -6.27052E04 -2.83958E03 1.66668E04 1.00000E19  255 255 0
4.04182E05 -1.09232E05 -4.16528E03 -1.54125E04 1.00000E19  255 255 0
-1.04748E05 -5.19512E04 -1.34235E04 2.70655E04 1.00000E19  255 255 0
-1.95494E05 3.23828E04 3.79245E03 2.28949E04 1.00000E19  255 255 0
9.04039E04 -3.89815E05 -1.59085E04 -3.68942E03 1.00000E19  255 255 0
-3.03923E04 -1.02724E05 -3.02660E04 8.95462E03 1.00000E19  255 255 0
-1.82426E05 -2.20289E05 -1.48773E04 1.23203E04 1.00000E19  255 255 0
-6.79146E04 -1.27714E05 -2.39822E04 1.27530E04 1.00000E19  255 255 0
1.34540E05 2.70675E05 1.68261E04 -8.36348E03 1.00000E19  255 255 0
-2.20173E05 -3.24363E05 -1.36513E04 9.26634E03 1.00000E19  255 255 0
3.90653E03 4.28826E03 1.00268E05 -9.13427E04 1.00000E19  255 255 0
2.74949E05 4.92884E04 3.44895E03 -1.92395E04 1.00000E19  255 255 0
-1.16666E05 -7.51357E04 -1.50155E04 2.33151E04 1.00000E19  255 255 0
5.83293E04 -3.12691E04 -1.89727E04 -3.53915E04 1.00000E19  255 255 0
-5.69520E03 3.28137E03 6.36129E04 1.10408E05 1.00000E19  255 255 0
-3.51550E05 1.95910E05 7.92697E03 1.42245E04 1.00000E19  255 255 0
-8.50991E04 -3.81953E05 -1.61190E04 3.59131E03 1.00000E19  255 255 0
-2.34839E04 -1.80892E05 -2.39866E04 3.11400E03 1.00000E19  255 255 0
1.60913E04 9.15368E04 3.33743E04 -5.86688E03 1.00000E19  255 255 0
-3.49819E04 -3.22411E04 -3.20987E04 3.48274E04 1.00000E19  255 255 0
2.08208E05 -3.49948E05 -1.39127E04 -8.27758E03 1.00000E19  255 255 0
-3.61622E05 2.65878E05 9.13400E03 1.24232E04 1.00000E19  255 255 0
-7.70414E04 2.02715E04 9.31359E03 3.53962E04 1.00000E19  255 255 0
1.56056E05 -5.17999E04 -8.02580E03 -2.41790E04 1.00000E19  255 255 0
2.76360E05 -5.58247E04 -3.85220E03 -1.90703E04 1.00000E19  255 255 0
-1.30974E05 -4.24405E04 -8.58233E03 2.64855E04 1.00000E19  255 255 0
-1.34123E05 1.52273E05 1.72093E04 1.51581E04 1.00000E19  255 255 0
1.49436E05 -3.05737E05 -1.59101E04 -7.77641E03 1.00000E19  255 255 0
1.88110E05 2.24622E05 1.46321E04 -1.22536E04 1.00000E19  255 255 0
-1.77556E05 -3.22643E05 -1.49139E04 8.20736E03 1.00000E19  255 255 0
-1.33403E05 5.45115E04 1.02936E04 2.51910E04 1.00000E19  255 255 0
6.33376E04 -2.57844E04 -1.48950E04 -3.65885E04 1.00000E19  255 255 0
1.22585E05 -9.52687E04 -1.60885E04 -2.07016E04 1.00000E19  255 255 0
-1.29602E04 4.37450E03 2.82483E04 8.36902E04 1.00000E19  255 255 0
1.16883E05 -1.35097E05 -1.84839E04 -1.59919E04 1.00000E19  255 255 0
2.06939E05 3.32680E05 1.40142E04 -8.71736E03 1.00000E19  255 255 0
-1.07509E04 9.77454E03 5.76524E04 6.34111E04 1.00000E19  255 255 0
-3.01018E05 -2.32495E04 -1.44781E03 1.87452E04 1.00000E19  255 255 0
-2.97790E04 2.55960E04 3.39816E04 3.95350E04 1.00000E19  255 255 0
-2.88455E03 4.36817E03 1.19149E05 7.86810E04 1.00000E19  255 255 0
-8.95253E03 -4.48987E03 -4.62764E04 9.22723E04 1.00000E19  255 255 0
-1.87476E05 3.94225E04 4.85687E03 2.30971E04 1.00000E19  255 255 0
1.10689E05 -1.53124E05 -1.92608E04 -1.39231E04 1.00000E19  255 255 0
-2.69715E05 -2.28575E05 -1.12328E04 1.32545E04 1.00000E19  255 255 0
-8.40282E04 1.58109E04 6.53293E03 3.47198E04 1.00000E19  255 255 0
-1.40328E05 1.34844E05 1.62253E04 1.68851E04 1.00000E19  255 255 0
1.92394E05 -3.31512E05 -1.44318E04 -8.37553E03 1.00000E19  255 255 0
2.66946E05 -1.91390E05 -1.05028E04 -1.46490E04 1.00000E19  255 255 0
-2.89929E05 3.14843E05 1.16158E04 1.06966E04 1.00000E19  255 255 0
2.25409E05 1.54653E05 1.11783E04 -1.62924E04 1.00000E19  255 255 0
3.09018E05 3.32804E05 1.12335E04 -1.04306E04 1.00000E19  255 255 0
-9.57795E03 -6.88388E04 -3.88115E04 5.40008E03 1.00000E19  255 255 0
-1.91364E05 -2.34046E04 -2.85625E03 2.33537E04 1.00000E19  255 255 0
2.42003E05 9.81340E04 7.59668E03 -1.87338E04 1.00000E19  255 255 0
3.21808E05 -2.36522E04 -1.33304E03 -1.81372E04 1.00000E19  255 255 0
-3.82621E05 -6.72415E03 -2.93432E02 1.66970E04 1.00000E19  255 255 0
2.85472E04 -3.31968E05 -1.78310E04 -1.53335E03 1.00000E19  255 255 0
-2.20277E04 7.38809E02 2.33257E03 6.95460E04 1.00000E19  255 255 0
-8.18435E04 1.29465E05 2.23119E04 1.41049E04 1.00000E19  255 255 0
1.34382E04 -1.27551E04 -5.22483E04 -5.50465E04 1.00000E19  255 255 0
3.84035E05 -6.54921E04 -2.78239E03 -1.63155E04 1.00000E19  255 255 0
3.73291E05 2.81710E05 9.09973E03 -1.20580E04 1.00000E19  255 255 0
-2.55205E05 3.39858E04 2.68759E03 2.01815E04 1.00000E19  255 255 0
2.31503E05 -1.26184E05 -9.62864E03 -1.76651E04 1.00000E19  255 255 0
-1.65386E04 1.50569E04 4.65027E04 5.10789E04 1.00000E19  255 255 0
-1.17682E04 -4.34136E04 -4.70126E04 1.27438E04 1.00000E19  255 255 0
4.08350E03 -3.71370E03 -9.35539E04 -1.02870E05 1.00000E19  255 255 0
3.26448E05 2.37498E05 9.56523E03 -1.31477E04 1.00000E19  255 255 0
6.89176E04 8.57980E04 2.42782E04 -1.95016E04 1.00000E19  255 255 0
-3.19711E05 1.36406E05 6.87619E03 1.61165E04 1.00000E19  255 255 0
2.04950E05 2.44119E05 1.40139E04 -1.17654E04 1.00000E19  255 255 0
-3.04277E05 2.11407E05 9.68374E03 1.39377E04 1.00000E19  255 255 0
-1.09538E05 -2.17493E05 -1.86968E04 9.41645E03 1.00000E19  255 255 0
-6.02593E04 6.94613E04 2.57330E04 2.23240E04 1.00000E19  255 255 0
9.23134E04 2.33314E05 1.91770E04 -7.58759E03 1.00000E19  255 255 0
4.13565E04 1.47433E04 1.65552E04 -4.64390E04 1.00000E19  255 255 0
-2.13130E05 -3.90852E05 -1.35933E04 7.41238E03 1.00000E19  255 255 0
3.60848E04 -3.32499E05 -1.77588E04 -1.92729E03 1.00000E19  255 255 0
-2.12720E04 3.14005E04 4.39166E04 2.97510E04 1.00000E19  255 255 0
-2.68889E05 -3.03313E05 -1.21419E04 1.07639E04 1.00000E19  255 255 0
9.57151E04 -3.84963E05 -1.59175E04 -3.95764E03 1.00000E19  255 255 0
-2.67821E05 3.06939E05 1.21959E04 1.06415E04 1.00000E19  255 255 0
4.65857E04 -4.09104E05 -1.59959E04 -1.82150E03 1.00000E19  255 255 0
-2.61471E04 -2.21069E04 -3.60453E04 4.26328E04 1.00000E19  255 255 0
-4.08070E05 2.03928E05 6.83729E03 1.36817E04 1.00000E19  255 255 0
3.71026E04 1.12074E05 2.85428E04 -9.44920E03 1.00000E19  255 255 0
-3.23426E05 2.18184E05 9.24945E03 1.37110E04 1.00000E19  255 255 0
4.02050E05 5.91250E05 9.05787E03 -1.43217E04 2.24000E23  0 0 255
3.62165E05 5.77469E05 2.91298E03 3.46306E03 1.00000E19  0 0 255
4.29969E05 6.12454E05 2.15440E04 -3.07616E04 1.00000E19  0 0 255
4.22771E05 5.99775E05 1.88827E04 -3.82022E04 1.00000E19  0 0 255
3.89749E05 5.87314E05 -1.30824E03 1.80722E04 1.00000E19  0 0 255
3.90984E05 5.88640E05 7.35440E02 2.09605E04 1.00000E19  0 0 255
3.99493E05 5.96680E05 5.41974E04 6.93095E03 1.00000E19  0 0 255
3.67132E05 5.69817E05 -9.31783E02 1.95327E03 1.00000E19  0 0 255
3.61306E05 5.90781E05 8.83770E03 4.82573E03 1.00000E19  0 0 255
3.65423E05 5.82616E05 4.48624E03 5.07246E03 1.00000E19  0 0 255
4.43946E05 5.79305E05 3.98017E03 -3.21308E04 1.00000E19  0 0 255
3.78956E05 6.02647E05 1.97174E04 7.27760E03 1.00000E19  0 0 255
4.36852E05 6.01567E05 1.48243E04 -3.37729E04 1.00000E19  0 0 255
4.09600E05 5.64842E05 -1.33667E04 -2.07331E04 1.00000E19  0 0 255
3.76893E05 5.83396E05 1.96208E03 8.40631E03 1.00000E19  0 0 255
4.21913E05 6.15281E05 2.59314E04 -2.82684E04 1.00000E19  0 0 255
3.83168E05 5.53355E05 -7.75576E03 -5.94388E03 1.00000E19  0 0 255
3.72800E05 6.00413E05 1.56577E04 6.74674E03 1.00000E19  0 0 255
4.33758E05 5.97393E05 1.31490E04 -3.54373E04 1.00000E19  0 0 255
3.87895E05 5.48587E05 -8.24618E03 -8.58060E03 1.00000E19  0 0 255
4.17035E05 5.47509E05 -7.94793E03 -2.01478E04 1.00000E19  0 0 255
-4.02050E05 -5.91250E05 -9.05787E03 1.43217E04 2.24000E23  255 200 0
-3.74488E05 -5.97551E05 -1.41809E04 -8.08824E03 1.00000E19  255 200 0
-4.01783E05 -5.94919E05 -7.26171E04 9.69800E03 1.00000E19  255 200 0
-4.01828E05 -6.37368E05 -2.70567E04 1.42351E04 1.00000E19  255 200 0
-4.27579E05 -5.65875E05 5.30480E03 2.87716E04 1.00000E19  255 200 0
-3.61773E05 -5.75071E05 -2.14232E03 -2.89429E03 1.00000E19  255 200 0
-3.71656E05 -6.05679E05 -1.80954E04 -4.71497E03 1.00000E19  255 200 0
-3.73311E05 -5.85588E05 -4.69260E03 -7.83711E03 1.00000E19  255 200 0
-4.21328E05 -6.18043E05 -2.63278E04 2.67474E04 1.00000E19  255 200 0
-4.04608E05 -5.73305E05 1.93650E04 1.83727E04 1.00000E19  255 200 0
-4.26939E05 -6.30861E05 -2.41897E04 2.38296E04 1.00000E19  255 200 0
-4.34005E05 -6.07480E05 -1.83035E04 3.25258E04 1.00000E19  255 200 0
-3.64380E05 -5.81472E05 -4.13524E03 -4.64326E03 1.00000E19  255 200 0
-4.02127E05 -5.91009E05 2.22209E05 8.85896E04 1.00000E19  255 200 0
-4.22224E05 -5.79793E05 3.47412E03 3.63889E04 1.00000E19  255 200 0
-4.08099E05 -5.96867E05 -3.80071E04 4.54960E04 1.00000E19  255 200 0
-4.05012E05 -5.56412E05 1.15395E04 1.60732E04 1.00000E19  255 200 0
-4.03296E05 -6.03721E05 -4.34136E04 1.77551E04 1.00000E19  255 200 0
-4.37235E05 -5.94879E05 -1.11666E04 3.47656E04 1.00000E19  255 200 0
-4.04802E05 -5.86925E05 3.64863E04 4.33050E04 1.00000E19  255 200 0
-4.02231E05 -5.49124E05 9.77444E03 1.44026E04 1.00000E19  255 200 0
